1.000000e-03  6.523492e-02
2.000000e-03  4.414761e-02
3.000000e-03  1.851590e-01
4.000000e-03  5.086374e-02
6.000000e-03  3.351023e-01
8.000000e-03  8.655148e-02
1.000000e-02  2.077025e-02
1.300000e-02  2.224578e-01
1.700000e-02  1.930589e-02
2.000000e-02  5.897847e-02
2.400000e-02  2.066452e-01
3.000000e-02  6.182428e-01
3.600000e-02  4.134383e-01
4.200000e-02  2.017142e-02
5.000000e-02  6.916468e-02
6.000000e-02  7.619753e-01
7.000000e-02  9.951249e-02
8.000000e-02  1.406673e-01
9.000000e-02  2.073797e-01
1.000000e-01  1.220046e-01
1.200000e-01  4.872768e-02
1.600000e-01  5.744898e-02
1.900000e-01  1.323475e-01
2.460000e-01  2.352893e-02
3.000000e-01  2.291789e-01
3.670000e-01  4.258891e-02
4.060000e-01  1.710873e-02
4.500000e-01  2.474080e-01
5.000000e-01  2.472041e-02
5.620000e-01  1.347058e-01
6.060000e-01  1.311358e-01
7.000000e-01  3.715916e-02
8.000000e-01  3.118234e-02
9.000000e-01  3.260443e-02
1.000000e+00  4.874840e-02
