1.000000e-03  9.999939e-01
2.000000e-03  9.999788e-01
3.000000e-03  9.999562e-01
4.000000e-03  9.999222e-01
6.000000e-03  9.998251e-01
8.000000e-03  9.996886e-01
1.000000e-02  9.995138e-01
1.300000e-02  9.991767e-01
1.700000e-02  9.985854e-01
2.000000e-02  9.980436e-01
2.400000e-02  9.971713e-01
3.000000e-02  9.955742e-01
3.600000e-02  9.936142e-01
4.200000e-02  9.913395e-01
5.000000e-02  9.877012e-01
6.000000e-02  9.822719e-01
7.000000e-02  9.758558e-01
8.000000e-02  9.684565e-01
9.000000e-02  9.601197e-01
1.000000e-01  9.508020e-01
1.200000e-01  9.293653e-01
1.600000e-01  8.756942e-01
1.900000e-01  8.268131e-01
2.460000e-01  7.192834e-01
3.000000e-01  6.024862e-01
3.670000e-01  4.528003e-01
4.060000e-01  3.694226e-01
4.500000e-01  2.829058e-01
5.000000e-01  1.976739e-01
5.620000e-01  1.147406e-01
6.060000e-01  7.195376e-02
7.000000e-01  2.136552e-02
8.000000e-01  1.250300e-02
9.000000e-01  2.371684e-02
1.000000e+00  3.451958e-02
