1.000000e-03  1.581890e-02
2.000000e-03  2.077882e-01
3.000000e-03  5.602022e-02
4.000000e-03  8.370189e-01
6.000000e-03  2.200375e-01
8.000000e-03  2.209574e-02
1.000000e-02  2.875519e-02
1.300000e-02  2.315848e-01
1.700000e-02  2.808133e-02
2.000000e-02  6.520265e-01
2.400000e-02  3.488852e-02
3.000000e-02  2.695401e-02
3.600000e-02  8.808180e-02
4.200000e-02  3.630429e-01
5.000000e-02  5.901346e-02
6.000000e-02  2.054828e-02
7.000000e-02  1.407097e-01
8.000000e-02  4.271546e-02
9.000000e-02  1.192267e-01
1.000000e-01  4.066399e-02
1.200000e-01  3.154420e-01
1.600000e-01  6.948745e-02
1.900000e-01  2.408697e-02
2.460000e-01  2.225358e-01
3.000000e-01  6.133380e-01
3.670000e-01  2.001399e-01
4.060000e-01  2.530344e-01
4.500000e-01  1.689025e-01
5.000000e-01  1.910483e-01
5.620000e-01  8.604932e-01
6.060000e-01  5.195078e-01
7.000000e-01  5.673240e-01
8.000000e-01  4.372553e-01
9.000000e-01  5.670579e-01
1.000000e+00  3.593525e-02
