1.000000e-03  9.999981e-01
2.000000e-03  9.999989e-01
3.000000e-03  9.999987e-01
4.000000e-03  9.999966e-01
6.000000e-03  9.999953e-01
8.000000e-03  9.999998e-01
1.000000e-02  9.999974e-01
1.300000e-02  9.999988e-01
1.700000e-02  9.999990e-01
2.000000e-02  9.999976e-01
2.400000e-02  9.999988e-01
3.000000e-02  9.999987e-01
3.600000e-02  9.999983e-01
4.200000e-02  9.999992e-01
5.000000e-02  9.999994e-01
6.000000e-02  9.999985e-01
7.000000e-02  9.999992e-01
8.000000e-02  9.999996e-01
9.000000e-02  9.999977e-01
1.000000e-01  9.999997e-01
1.200000e-01  9.999989e-01
1.600000e-01  9.999992e-01
1.900000e-01  9.999987e-01
2.460000e-01  9.999988e-01
3.000000e-01  9.999977e-01
3.670000e-01  9.999984e-01
4.060000e-01  9.999979e-01
4.500000e-01  9.999971e-01
5.000000e-01  9.999973e-01
5.620000e-01  9.999964e-01
6.060000e-01  9.999959e-01
7.000000e-01  9.999944e-01
8.000000e-01  9.999928e-01
9.000000e-01  9.999918e-01
1.000000e+00  9.999867e-01
