1.000000e-03  9.760933e-01
2.000000e-03  9.794494e-01
3.000000e-03  9.935747e-01
4.000000e-03  9.791770e-01
6.000000e-03  9.987258e-01
8.000000e-03  9.797863e-01
1.000000e-02  9.780410e-01
1.300000e-02  9.702863e-01
1.700000e-02  9.679775e-01
2.000000e-02  9.984408e-01
2.400000e-02  9.928191e-01
3.000000e-02  9.785635e-01
3.600000e-02  9.947608e-01
4.200000e-02  9.881033e-01
5.000000e-02  9.862100e-01
6.000000e-02  9.944109e-01
7.000000e-02  9.836838e-01
8.000000e-02  9.590525e-01
9.000000e-02  9.919516e-01
1.000000e-01  9.716000e-01
1.200000e-01  9.947133e-01
1.600000e-01  9.847684e-01
1.900000e-01  9.823383e-01
2.460000e-01  9.756413e-01
3.000000e-01  9.529812e-01
3.670000e-01  9.544489e-01
4.060000e-01  9.442531e-01
4.500000e-01  9.339501e-01
5.000000e-01  9.204160e-01
5.620000e-01  8.954114e-01
6.060000e-01  8.874763e-01
7.000000e-01  8.579303e-01
8.000000e-01  8.186774e-01
9.000000e-01  7.740055e-01
1.000000e+00  7.449212e-01
