1.000000e-03  9.999913e-01
2.000000e-03  9.999652e-01
3.000000e-03  9.999217e-01
4.000000e-03  9.998608e-01
6.000000e-03  9.996869e-01
8.000000e-03  9.994434e-01
1.000000e-02  9.991306e-01
1.300000e-02  9.985312e-01
1.700000e-02  9.974901e-01
2.000000e-02  9.965281e-01
2.400000e-02  9.950054e-01
3.000000e-02  9.922096e-01
3.600000e-02  9.888054e-01
4.200000e-02  9.848011e-01
5.000000e-02  9.785413e-01
6.000000e-02  9.692781e-01
7.000000e-02  9.584661e-01
8.000000e-02  9.461712e-01
9.000000e-02  9.324705e-01
1.000000e-01  9.174299e-01
1.200000e-01  8.837316e-01
1.600000e-01  8.045021e-01
1.900000e-01  7.380055e-01
2.460000e-01  6.079854e-01
3.000000e-01  4.874659e-01
3.670000e-01  3.586516e-01
4.060000e-01  2.971604e-01
4.500000e-01  2.399108e-01
5.000000e-01  1.889631e-01
5.620000e-01  1.429077e-01
6.060000e-01  1.190192e-01
7.000000e-01  8.452483e-02
8.000000e-01  6.246882e-02
9.000000e-01  4.795159e-02
1.000000e+00  3.770932e-02
