1.000000e-03  9.999920e-01
2.000000e-03  9.999687e-01
3.000000e-03  9.999293e-01
4.000000e-03  9.998750e-01
6.000000e-03  9.997138e-01
8.000000e-03  9.994967e-01
1.000000e-02  9.992113e-01
1.300000e-02  9.986785e-01
1.700000e-02  9.977146e-01
2.000000e-02  9.968739e-01
2.400000e-02  9.954630e-01
3.000000e-02  9.929708e-01
3.600000e-02  9.898783e-01
4.200000e-02  9.861861e-01
5.000000e-02  9.802866e-01
6.000000e-02  9.718305e-01
7.000000e-02  9.626579e-01
8.000000e-02  9.513566e-01
9.000000e-02  9.389706e-01
1.000000e-01  9.255172e-01
1.200000e-01  8.930589e-01
1.600000e-01  8.207343e-01
1.900000e-01  7.623966e-01
2.460000e-01  6.370554e-01
3.000000e-01  5.252570e-01
3.670000e-01  4.041287e-01
4.060000e-01  3.441356e-01
4.500000e-01  2.796026e-01
5.000000e-01  2.357275e-01
5.620000e-01  1.902438e-01
6.060000e-01  1.732135e-01
7.000000e-01  1.371322e-01
8.000000e-01  1.062168e-01
9.000000e-01  1.063165e-01
1.000000e+00  8.571854e-02
