1.000000e-03  9.999996e-01
2.000000e-03  9.999988e-01
3.000000e-03  9.999818e-01
4.000000e-03  9.999770e-01
6.000000e-03  9.999727e-01
8.000000e-03  9.999756e-01
1.000000e-02  9.998409e-01
1.300000e-02  9.997786e-01
1.700000e-02  9.998532e-01
2.000000e-02  9.997788e-01
2.400000e-02  9.971985e-01
3.000000e-02  9.962880e-01
3.600000e-02  9.997880e-01
4.200000e-02  9.993351e-01
5.000000e-02  9.995479e-01
6.000000e-02  9.839205e-01
7.000000e-02  9.901610e-01
8.000000e-02  9.964955e-01
9.000000e-02  9.850072e-01
1.000000e-01  9.410296e-01
1.200000e-01  9.591855e-01
1.600000e-01  8.713965e-01
1.900000e-01  9.065657e-01
2.460000e-01  9.868543e-01
3.000000e-01  9.479503e-01
3.670000e-01  6.740804e-01
4.060000e-01  6.512964e-01
4.500000e-01  5.423394e-01
5.000000e-01  4.342283e-01
5.620000e-01  3.401273e-01
6.060000e-01  1.853829e-01
7.000000e-01  4.119618e-01
8.000000e-01  2.287758e-01
9.000000e-01  7.477668e-01
1.000000e+00  2.633295e-01
