1.000000e-03  1.000000e+00
2.000000e-03  1.000000e+00
3.000000e-03  1.000000e+00
4.000000e-03  1.000000e+00
6.000000e-03  1.000000e+00
8.000000e-03  1.000000e+00
1.000000e-02  1.000000e+00
1.300000e-02  1.000000e+00
1.700000e-02  1.000000e+00
2.000000e-02  1.000000e+00
2.400000e-02  9.999999e-01
3.000000e-02  9.999999e-01
3.600000e-02  9.999999e-01
4.200000e-02  9.999999e-01
5.000000e-02  9.999998e-01
6.000000e-02  9.999997e-01
7.000000e-02  9.999995e-01
8.000000e-02  9.999994e-01
9.000000e-02  9.999992e-01
1.000000e-01  9.999992e-01
1.200000e-01  9.999989e-01
1.600000e-01  9.999978e-01
1.900000e-01  9.999972e-01
2.460000e-01  9.999952e-01
3.000000e-01  9.999945e-01
3.670000e-01  9.999902e-01
4.060000e-01  9.999897e-01
4.500000e-01  9.999898e-01
5.000000e-01  9.999868e-01
5.620000e-01  9.999865e-01
6.060000e-01  9.999839e-01
7.000000e-01  9.999785e-01
8.000000e-01  9.999763e-01
9.000000e-01  9.999768e-01
1.000000e+00  9.999680e-01
