1.000000e-03  9.999997e-01
2.000000e-03  9.999989e-01
3.000000e-03  9.999968e-01
4.000000e-03  9.999936e-01
6.000000e-03  9.999908e-01
8.000000e-03  9.999787e-01
1.000000e-02  9.999674e-01
1.300000e-02  9.999514e-01
1.700000e-02  9.999207e-01
2.000000e-02  9.998330e-01
2.400000e-02  9.997946e-01
3.000000e-02  9.997585e-01
3.600000e-02  9.996976e-01
4.200000e-02  9.994229e-01
5.000000e-02  9.993423e-01
6.000000e-02  9.989239e-01
7.000000e-02  9.984387e-01
8.000000e-02  9.977502e-01
9.000000e-02  9.979615e-01
1.000000e-01  9.962206e-01
1.200000e-01  9.944707e-01
1.600000e-01  9.944890e-01
1.900000e-01  9.893530e-01
2.460000e-01  9.789686e-01
3.000000e-01  9.741433e-01
3.670000e-01  9.620388e-01
4.060000e-01  9.633548e-01
4.500000e-01  9.665029e-01
5.000000e-01  9.552285e-01
5.620000e-01  9.494744e-01
6.060000e-01  9.347519e-01
7.000000e-01  9.299161e-01
8.000000e-01  9.433150e-01
9.000000e-01  9.125325e-01
1.000000e+00  8.783483e-01
