1.000000e-03  9.999960e-01
2.000000e-03  9.999840e-01
3.000000e-03  9.999616e-01
4.000000e-03  9.999211e-01
6.000000e-03  9.998161e-01
8.000000e-03  9.997174e-01
1.000000e-02  9.995942e-01
1.300000e-02  9.993220e-01
1.700000e-02  9.987534e-01
2.000000e-02  9.983870e-01
2.400000e-02  9.947215e-01
3.000000e-02  9.963707e-01
3.600000e-02  9.931971e-01
4.200000e-02  9.910818e-01
5.000000e-02  9.866706e-01
6.000000e-02  9.740053e-01
7.000000e-02  9.674504e-01
8.000000e-02  9.747302e-01
9.000000e-02  9.594959e-01
1.000000e-01  9.603112e-01
1.200000e-01  9.425245e-01
1.600000e-01  9.035519e-01
1.900000e-01  8.675837e-01
2.460000e-01  7.271908e-01
3.000000e-01  6.249144e-01
3.670000e-01  2.554875e-01
4.060000e-01  5.506362e-01
4.500000e-01  2.628754e-01
5.000000e-01  3.324767e-01
5.620000e-01  2.529656e-01
6.060000e-01  2.451177e-01
7.000000e-01  1.061688e-01
8.000000e-01  2.354781e-01
9.000000e-01  7.198619e-02
1.000000e+00  1.232469e-01
