1.000000e-03  9.999933e-01
2.000000e-03  9.999732e-01
3.000000e-03  9.999397e-01
4.000000e-03  9.998928e-01
6.000000e-03  9.997588e-01
8.000000e-03  9.995711e-01
1.000000e-02  9.993300e-01
1.300000e-02  9.988680e-01
1.700000e-02  9.980648e-01
2.000000e-02  9.973217e-01
2.400000e-02  9.961451e-01
3.000000e-02  9.939826e-01
3.600000e-02  9.913455e-01
4.200000e-02  9.882351e-01
5.000000e-02  9.833677e-01
6.000000e-02  9.761358e-01
7.000000e-02  9.676486e-01
8.000000e-02  9.579469e-01
9.000000e-02  9.470633e-01
1.000000e-01  9.350463e-01
1.200000e-01  9.078203e-01
1.600000e-01  8.420449e-01
1.900000e-01  7.847158e-01
2.460000e-01  6.662990e-01
3.000000e-01  5.475207e-01
3.670000e-01  4.078867e-01
4.060000e-01  3.354258e-01
4.500000e-01  2.638229e-01
5.000000e-01  1.965894e-01
5.620000e-01  1.335680e-01
6.060000e-01  1.009722e-01
7.000000e-01  5.721370e-02
8.000000e-01  3.593805e-02
9.000000e-01  2.784659e-02
1.000000e+00  2.495579e-02
