1.000000e-03  9.999995e-01
2.000000e-03  9.999841e-01
3.000000e-03  9.999658e-01
4.000000e-03  9.999997e-01
6.000000e-03  9.997507e-01
8.000000e-03  9.999378e-01
1.000000e-02  9.996653e-01
1.300000e-02  9.996723e-01
1.700000e-02  9.999357e-01
2.000000e-02  9.984018e-01
2.400000e-02  9.998726e-01
3.000000e-02  9.974606e-01
3.600000e-02  9.923963e-01
4.200000e-02  9.930149e-01
5.000000e-02  9.916917e-01
6.000000e-02  9.934631e-01
7.000000e-02  9.864139e-01
8.000000e-02  9.995719e-01
9.000000e-02  9.753510e-01
1.000000e-01  9.653621e-01
1.200000e-01  9.485236e-01
1.600000e-01  7.056127e-01
1.900000e-01  3.341276e-02
2.460000e-01  9.345173e-01
3.000000e-01  8.595561e-01
3.670000e-01  8.604649e-01
4.060000e-01  5.741899e-01
4.500000e-01  8.577584e-01
5.000000e-01  7.692942e-01
5.620000e-01  4.526818e-02
6.060000e-01  8.813673e-01
7.000000e-01  9.231994e-01
8.000000e-01  2.373866e-01
9.000000e-01  6.164606e-01
1.000000e+00  4.431861e-01
