1.000000e-03  9.999999e-01
2.000000e-03  9.999996e-01
3.000000e-03  9.999990e-01
4.000000e-03  9.999984e-01
6.000000e-03  9.999961e-01
8.000000e-03  9.999933e-01
1.000000e-02  9.999908e-01
1.300000e-02  9.999830e-01
1.700000e-02  9.999719e-01
2.000000e-02  9.999600e-01
2.400000e-02  9.999383e-01
3.000000e-02  9.999094e-01
3.600000e-02  9.998787e-01
4.200000e-02  9.998371e-01
5.000000e-02  9.996889e-01
6.000000e-02  9.996521e-01
7.000000e-02  9.995300e-01
8.000000e-02  9.994061e-01
9.000000e-02  9.992520e-01
1.000000e-01  9.989738e-01
1.200000e-01  9.984126e-01
1.600000e-01  9.972339e-01
1.900000e-01  9.966638e-01
2.460000e-01  9.937153e-01
3.000000e-01  9.924377e-01
3.670000e-01  9.873160e-01
4.060000e-01  9.862968e-01
4.500000e-01  9.823112e-01
5.000000e-01  9.748236e-01
5.620000e-01  9.738263e-01
6.060000e-01  9.629386e-01
7.000000e-01  9.517772e-01
8.000000e-01  9.418759e-01
9.000000e-01  9.271186e-01
1.000000e+00  9.221135e-01
