1.000000e-03  3.634097e-01
2.000000e-03  1.112409e-01
3.000000e-03  2.955087e-02
4.000000e-03  8.453917e-03
6.000000e-03  8.093259e-03
8.000000e-03  2.038459e-01
1.000000e-02  8.442050e-01
1.300000e-02  4.649948e-03
1.700000e-02  3.539540e-02
2.000000e-02  2.108995e-01
2.400000e-02  4.005081e-03
3.000000e-02  8.587487e-02
3.600000e-02  1.430919e-02
4.200000e-02  1.755049e-02
5.000000e-02  1.566380e-02
6.000000e-02  4.469657e-03
7.000000e-02  6.705778e-02
8.000000e-02  2.404779e-01
9.000000e-02  1.264301e-02
1.000000e-01  7.671258e-03
1.200000e-01  3.450884e-02
1.600000e-01  3.350131e-02
1.900000e-01  1.033832e-02
2.460000e-01  2.394231e-01
3.000000e-01  7.803974e-02
3.670000e-01  1.811988e-01
4.060000e-01  1.197395e-01
4.500000e-01  1.035459e-01
5.000000e-01  8.180509e-02
5.620000e-01  7.378338e-02
6.060000e-01  7.210589e-02
7.000000e-01  2.347627e-02
8.000000e-01  7.492647e-02
9.000000e-01  4.013943e-02
1.000000e+00  5.612615e-02
