1.000000e-03  9.999956e-01
2.000000e-03  9.999873e-01
3.000000e-03  9.999754e-01
4.000000e-03  9.999561e-01
6.000000e-03  9.999013e-01
8.000000e-03  9.998222e-01
1.000000e-02  9.997265e-01
1.300000e-02  9.995366e-01
1.700000e-02  9.992012e-01
2.000000e-02  9.988937e-01
2.400000e-02  9.984036e-01
3.000000e-02  9.974873e-01
3.600000e-02  9.963773e-01
4.200000e-02  9.950748e-01
5.000000e-02  9.930046e-01
6.000000e-02  9.898334e-01
7.000000e-02  9.861174e-01
8.000000e-02  9.817330e-01
9.000000e-02  9.767639e-01
1.000000e-01  9.711563e-01
1.200000e-01  9.578303e-01
1.600000e-01  9.227632e-01
1.900000e-01  8.886935e-01
2.460000e-01  8.072275e-01
3.000000e-01  7.098386e-01
3.670000e-01  5.732386e-01
4.060000e-01  4.921961e-01
4.500000e-01  4.047181e-01
5.000000e-01  3.152732e-01
5.620000e-01  2.238108e-01
6.060000e-01  1.728083e-01
7.000000e-01  9.803513e-02
8.000000e-01  5.571261e-02
9.000000e-01  3.560951e-02
1.000000e+00  2.684380e-02
