1.000000e-03  9.240219e-03
2.000000e-03  2.156404e-01
3.000000e-03  1.666104e-02
4.000000e-03  4.918462e-01
6.000000e-03  2.603359e-01
8.000000e-03  1.912436e-02
1.000000e-02  4.242220e-01
1.300000e-02  1.917153e-02
1.700000e-02  3.493809e-02
2.000000e-02  9.469115e-03
2.400000e-02  2.206138e-02
3.000000e-02  4.504226e-03
3.600000e-02  1.289039e-01
4.200000e-02  4.097582e-03
5.000000e-02  1.116130e-02
6.000000e-02  1.954493e-01
7.000000e-02  7.171940e-02
8.000000e-02  5.798334e-03
9.000000e-02  1.648323e-01
1.000000e-01  1.685235e-02
1.200000e-01  7.307642e-03
1.600000e-01  3.061285e-01
1.900000e-01  7.978951e-02
2.460000e-01  2.284043e-02
3.000000e-01  3.170133e-02
3.670000e-01  7.107569e-02
4.060000e-01  3.917883e-02
4.500000e-01  5.700583e-02
5.000000e-01  1.252733e-01
5.620000e-01  1.101133e-01
6.060000e-01  1.008625e-01
7.000000e-01  1.006704e-01
8.000000e-01  1.199086e-01
9.000000e-01  8.982375e-02
1.000000e+00  1.197917e-01
