1.000000e-03  9.999982e-01
2.000000e-03  9.999958e-01
3.000000e-03  9.999987e-01
4.000000e-03  9.999988e-01
6.000000e-03  9.999975e-01
8.000000e-03  9.999961e-01
1.000000e-02  9.999977e-01
1.300000e-02  9.999968e-01
1.700000e-02  9.999999e-01
2.000000e-02  9.999988e-01
2.400000e-02  9.999989e-01
3.000000e-02  9.999999e-01
3.600000e-02  9.999990e-01
4.200000e-02  9.999991e-01
5.000000e-02  9.999999e-01
6.000000e-02  9.999964e-01
7.000000e-02  9.999971e-01
8.000000e-02  9.999996e-01
9.000000e-02  9.999964e-01
1.000000e-01  9.999973e-01
1.200000e-01  9.999987e-01
1.600000e-01  9.999997e-01
1.900000e-01  9.999991e-01
2.460000e-01  9.999947e-01
3.000000e-01  9.999974e-01
3.670000e-01  9.999968e-01
4.060000e-01  9.999947e-01
4.500000e-01  9.999948e-01
5.000000e-01  9.999941e-01
5.620000e-01  9.999912e-01
6.060000e-01  9.999903e-01
7.000000e-01  9.999865e-01
8.000000e-01  9.999834e-01
9.000000e-01  9.999792e-01
1.000000e+00  9.999754e-01
