1.000000e-03  9.891717e-01
2.000000e-03  9.307669e-01
3.000000e-03  9.986798e-01
4.000000e-03  9.702193e-01
6.000000e-03  9.514308e-01
8.000000e-03  9.737569e-01
1.000000e-02  9.838295e-01
1.300000e-02  9.848955e-01
1.700000e-02  9.913514e-01
2.000000e-02  9.781608e-01
2.400000e-02  9.871761e-01
3.000000e-02  9.886193e-01
3.600000e-02  9.919181e-01
4.200000e-02  9.949856e-01
5.000000e-02  9.624058e-01
6.000000e-02  9.787383e-01
7.000000e-02  9.530059e-01
8.000000e-02  9.639343e-01
9.000000e-02  9.445508e-01
1.000000e-01  9.961401e-01
1.200000e-01  9.735517e-01
1.600000e-01  9.778408e-01
1.900000e-01  9.969938e-01
2.460000e-01  9.782379e-01
3.000000e-01  9.756813e-01
3.670000e-01  9.810294e-01
4.060000e-01  9.642691e-01
4.500000e-01  9.510854e-01
5.000000e-01  9.396067e-01
5.620000e-01  9.436041e-01
6.060000e-01  9.327977e-01
7.000000e-01  9.029218e-01
8.000000e-01  8.459266e-01
9.000000e-01  8.623851e-01
1.000000e+00  8.372882e-01
