1.000000e-03  9.999983e-01
2.000000e-03  9.999932e-01
3.000000e-03  9.999846e-01
4.000000e-03  9.999726e-01
6.000000e-03  9.999383e-01
8.000000e-03  9.998906e-01
1.000000e-02  9.998287e-01
1.300000e-02  9.997104e-01
1.700000e-02  9.995059e-01
2.000000e-02  9.993156e-01
2.400000e-02  9.990140e-01
3.000000e-02  9.984623e-01
3.600000e-02  9.977880e-01
4.200000e-02  9.969893e-01
5.000000e-02  9.957393e-01
6.000000e-02  9.938656e-01
7.000000e-02  9.916760e-01
8.000000e-02  9.891557e-01
9.000000e-02  9.863575e-01
1.000000e-01  9.831989e-01
1.200000e-01  9.759814e-01
1.600000e-01  9.581532e-01
1.900000e-01  9.421536e-01
2.460000e-01  9.071081e-01
3.000000e-01  8.688873e-01
3.670000e-01  8.178345e-01
4.060000e-01  7.877202e-01
4.500000e-01  7.543211e-01
5.000000e-01  7.176506e-01
5.620000e-01  6.747915e-01
6.060000e-01  6.463749e-01
7.000000e-01  5.949534e-01
8.000000e-01  5.504431e-01
9.000000e-01  5.167089e-01
1.000000e+00  4.924887e-01
