1.000000e-03  9.999818e-01
2.000000e-03  9.999881e-01
3.000000e-03  1.000000e+00
4.000000e-03  1.000000e+00
6.000000e-03  1.000000e+00
8.000000e-03  9.993660e-01
1.000000e-02  1.000000e+00
1.300000e-02  1.000000e+00
1.700000e-02  9.999999e-01
2.000000e-02  9.999136e-01
2.400000e-02  9.999993e-01
3.000000e-02  1.000000e+00
3.600000e-02  9.999941e-01
4.200000e-02  9.798321e-01
5.000000e-02  9.999999e-01
6.000000e-02  9.999913e-01
7.000000e-02  9.999999e-01
8.000000e-02  9.999991e-01
9.000000e-02  9.260096e-01
1.000000e-01  8.424801e-01
1.200000e-01  9.999996e-01
1.600000e-01  1.815794e-04
1.900000e-01  9.999993e-01
2.460000e-01  3.803011e-02
3.000000e-01  9.939734e-01
3.670000e-01  2.758500e-01
4.060000e-01  9.999982e-01
4.500000e-01  8.928729e-03
5.000000e-01  2.893657e-01
5.620000e-01  1.181578e-03
6.060000e-01  9.998106e-01
7.000000e-01  2.123513e-01
8.000000e-01  1.890110e-01
9.000000e-01  9.976631e-01
1.000000e+00  9.999923e-01
