1.000000e-03  9.999994e-01
2.000000e-03  9.999976e-01
3.000000e-03  9.999954e-01
4.000000e-03  9.999901e-01
6.000000e-03  9.999809e-01
8.000000e-03  9.999626e-01
1.000000e-02  9.999454e-01
1.300000e-02  9.999029e-01
1.700000e-02  9.998453e-01
2.000000e-02  9.997878e-01
2.400000e-02  9.996834e-01
3.000000e-02  9.995081e-01
3.600000e-02  9.993188e-01
4.200000e-02  9.989578e-01
5.000000e-02  9.985518e-01
6.000000e-02  9.980769e-01
7.000000e-02  9.974011e-01
8.000000e-02  9.967799e-01
9.000000e-02  9.956141e-01
1.000000e-01  9.947080e-01
1.200000e-01  9.923800e-01
1.600000e-01  9.884332e-01
1.900000e-01  9.804814e-01
2.460000e-01  9.700103e-01
3.000000e-01  9.570537e-01
3.670000e-01  9.404841e-01
4.060000e-01  9.337325e-01
4.500000e-01  9.249897e-01
5.000000e-01  9.165827e-01
5.620000e-01  8.864923e-01
6.060000e-01  8.757900e-01
7.000000e-01  8.273557e-01
8.000000e-01  8.258500e-01
9.000000e-01  7.635470e-01
1.000000e+00  7.029298e-01
