2.512150329663861188e-15
6.938893903907228378e-18
1.776424600743610405e-15
1.776411048681719371e-15
3.552767888495541209e-15
2.512224597395100025e-15
1.776356839400250465e-15
2.512147933894040267e-15
1.776790467342606216e-15
3.925231146709437917e-17
2.775557561562891351e-17
3.973315107077595097e-15
2.512761176411143592e-15
1.780688367019660670e-15
5.673617379884035472e-18
1.777223989483336522e-15
1.778090716669452071e-15
2.514600006643635356e-15
2.482534153247273118e-16
2.512147933894040267e-15
1.776356839400250465e-15
1.783282233459471847e-15
1.776356839400250465e-15
1.776356839400250465e-15
1.803898897953173559e-15
1.803898897953173559e-15
1.776356839400250465e-15
2.551098286635257669e-15
2.551098286635257669e-15
4.440892098500626162e-16
2.589462819655575007e-15
2.589462819655575007e-15
3.768221900841059808e-15
8.881784197001252323e-16
2.664535259100375697e-15
2.808666774861360980e-15
2.175583928816829166e-15
2.512147933894040267e-15
2.512147933894040267e-15
3.972054645195636988e-15
1.776356839400250465e-15
1.776356839400250465e-15
