1.256075164831930594e-15
3.469446951953614189e-18
8.882123003718052027e-16
8.882055243408596854e-16
1.776383944247770605e-15
1.256112298697550012e-15
8.881784197001252323e-16
1.256073966947020133e-15
8.883952336713031079e-16
1.962615573354718958e-17
1.387778780781445676e-17
1.986657553538797548e-15
1.256380588205571796e-15
8.903441835098303349e-16
3.673617379884035472e-18
8.886119947416682612e-16
8.890453583347260357e-16
1.257300003321817678e-15
1.241267076623636559e-16
1.256073966947020133e-15
8.881784197001252323e-16
8.916411167297359237e-16
8.881784197001252323e-16
8.881784197001252323e-16
9.019494489765867796e-16
9.019494489765867796e-16
8.881784197001252323e-16
1.275549143317628834e-15
1.275549143317628834e-15
2.220446049250313081e-16
1.294731409827787503e-15
1.294731409827787503e-15
1.884110950420529904e-15
4.440892098500626162e-16
1.332267629550187849e-15
1.404333387430680490e-15
1.087791964408414583e-15
1.256073966947020133e-15
1.256073966947020133e-15
1.986027322597818494e-15
8.881784197001252323e-16
8.881784197001252323e-16
