3.140187912079826485e-16
8.673617379884035472e-19
2.220530750929513007e-16
2.220513810852149214e-16
4.440959860619426511e-16
3.140280746743875031e-16
2.220446049250313081e-16
3.140184917367550333e-16
2.220988084178257770e-16
4.906538933386797396e-18
3.469446951953614189e-18
4.966643883846993871e-16
3.140951470513929490e-16
2.225860458774575837e-16
8.673617379884035472e-19
2.221529986854170653e-16
2.222613395836815089e-16
3.143250008304544195e-16
3.103167691559091397e-17
3.140184917367550333e-16
2.220446049250313081e-16
2.229102791824339809e-16
2.220446049250313081e-16
2.220446049250313081e-16
2.254873622441466949e-16
2.254873622441466949e-16
2.220446049250313081e-16
3.188872858294072086e-16
3.188872858294072086e-16
5.551115123125782702e-17
3.236828524569468758e-16
3.236828524569468758e-16
4.710277376051324761e-16
1.110223024625156540e-16
3.330669073875469621e-16
3.510833468576701225e-16
2.719479911021036457e-16
3.140184917367550333e-16
3.140184917367550333e-16
4.965068306494546235e-16
2.220446049250313081e-16
2.220446049250313081e-16
