4.440896333663342949e-16
1.226634733346699349e-18
3.140304703631030220e-16
3.140280746743875031e-16
6.280465664842522916e-16
4.441027621704298427e-16
3.140184917367550333e-16
4.440892098500626162e-16
3.140951470513929490e-16
6.938893903907228378e-18
4.906538933386797396e-18
7.023895140013803382e-16
4.441976168356515540e-16
3.147842048749003584e-16
9.673617379884035472e-19
3.141717836627691509e-16
3.143250008304544195e-16
4.445226791673630178e-16
4.388541835720876531e-17
4.440892098500626162e-16
3.140184917367550333e-16
3.152427400121712072e-16
3.140184917367550333e-16
3.140184917367550333e-16
3.188872858294072086e-16
3.188872858294072086e-16
3.140184917367550333e-16
4.509747244882933898e-16
4.509747244882933898e-16
7.850462293418875834e-17
4.577566798522237452e-16
4.577566798522237452e-16
6.661338147750939243e-16
1.570092458683775167e-16
4.710277376051324761e-16
4.965068306494546235e-16
3.845925372767127633e-16
4.440892098500626162e-16
4.440892098500626162e-16
7.021666937153402450e-16
3.140184917367550333e-16
3.140184917367550333e-16
