1.776358533465337180e-15
4.906538933386797396e-18
1.256121881452412088e-15
1.256112298697550012e-15
2.512186265937009166e-15
1.776411048681719371e-15
1.256073966947020133e-15
1.776356839400250465e-15
1.256380588205571796e-15
2.775557561562891351e-17
1.962615573354718958e-17
2.809558056005521353e-15
1.776790467342606216e-15
1.259136819499601434e-15
4.113617379884035472e-18
1.256687134651076604e-15
1.257300003321817678e-15
1.778090716669452071e-15
1.755416734288350612e-16
1.776356839400250465e-15
1.256073966947020133e-15
1.260970960048684829e-15
1.256073966947020133e-15
1.256073966947020133e-15
1.275549143317628834e-15
1.275549143317628834e-15
1.256073966947020133e-15
1.803898897953173559e-15
1.803898897953173559e-15
3.140184917367550333e-16
1.831026719408894981e-15
1.831026719408894981e-15
2.664535259100375697e-15
6.280369834735100667e-16
1.884110950420529904e-15
1.986027322597818494e-15
1.538370149106851053e-15
1.776356839400250465e-15
1.776356839400250465e-15
2.808666774861360980e-15
1.256073966947020133e-15
1.256073966947020133e-15
