6.280375824159652971e-16
1.734723475976807094e-18
4.441061501859026013e-16
4.441027621704298427e-16
8.881919721238853023e-16
6.280561493487750062e-16
4.440892098500626162e-16
6.280369834735100667e-16
4.441976168356515540e-16
9.813077866773594792e-18
6.938893903907228378e-18
9.933287767693987742e-16
6.281902941027858979e-16
4.451720917549151674e-16
1.673617379884035472e-18
4.443059973708341306e-16
4.445226791673630178e-16
6.286500016609088391e-16
6.206335383118182794e-17
6.280369834735100667e-16
4.440892098500626162e-16
4.458205583648679619e-16
4.440892098500626162e-16
4.440892098500626162e-16
4.509747244882933898e-16
4.509747244882933898e-16
4.440892098500626162e-16
6.377745716588144172e-16
6.377745716588144172e-16
1.110223024625156540e-16
6.473657049138937517e-16
6.473657049138937517e-16
9.420554752102649521e-16
2.220446049250313081e-16
6.661338147750939243e-16
7.021666937153402450e-16
5.438959822042072914e-16
6.280369834735100667e-16
6.280369834735100667e-16
9.930136612989092471e-16
4.440892098500626162e-16
4.440892098500626162e-16
