7.333515723283998048e-15
2.032167723805942637e-17
5.431448728085584236e-15
5.412597792788003291e-15
1.025277581095084648e-14
7.291037181131886774e-15
5.213261215069334179e-15
7.319526652414882155e-15
5.197645857306327467e-15
1.128918466731125074e-16
7.980762644280853104e-17
1.172899682461451450e-14
7.581083427963659597e-15
5.284940740456033498e-15
7.673617379884035472e-18
5.180422680261172307e-15
5.402681042076856461e-15
7.445832660419871271e-15
7.275859025795994219e-16
7.537359569732483806e-15
5.243289523310741280e-15
5.506325446977759202e-15
5.155781528880302717e-15
5.503671826195041657e-15
5.535162841669389103e-15
5.396330089209752919e-15
5.289792294034864868e-15
7.743443487188766784e-15
7.410527418102970773e-15
1.283068715929975693e-15
7.870955130373155364e-15
8.010777381301050205e-15
1.123851595146759859e-14
2.665121656318709887e-15
8.159309337399051216e-15
8.202059030100662577e-15
6.597612954313324779e-15
7.611778768150489013e-15
7.528307432538424153e-15
1.158141246211645477e-14
5.339930982526429402e-15
5.382014429793616686e-15
