3.328577374177514828e-14
9.343654591517203305e-17
2.966684230272016148e-14
2.915646951288748841e-14
4.444470046125101397e-14
3.232903400835889946e-14
2.417166676713683641e-14
3.296963648209542251e-14
2.378858349144173783e-14
4.827607555319012405e-16
3.409581191903238815e-16
5.566373282153747064e-14
3.925830491490680205e-14
2.562883948492448101e-14
1.003617379884035472e-17
2.337423092812298063e-14
2.878133957651769036e-14
3.577426548441658356e-14
3.355215876816540053e-15
3.817643275886159136e-14
2.487587486358483794e-14
3.128304853021263790e-14
2.286818510134588806e-14
3.169726688818529629e-14
3.066784467478708736e-14
2.700995002681874270e-14
2.599873788414715823e-14
4.108108627666447542e-14
3.297743289772592876e-14
5.587901126285141718e-15
4.199315276990087322e-14
4.585794754869866198e-14
5.557493604812228670e-14
1.350405946344396365e-14
4.483953743636467904e-14
3.728151934782819584e-14
3.487472733534294217e-14
4.009866949091533634e-14
3.794773911478935459e-14
5.231506911227619589e-14
2.725444778361261510e-14
2.834545656230227589e-14
