1.070406739369966859e-14
2.975766537771406182e-17
8.303373887491078336e-15
8.245899756206307348e-15
1.479401626123861143e-14
1.058010960321140535e-14
7.649952952505393691e-15
1.066327935798854837e-14
7.602337741708630917e-15
1.623416375867373935e-16
1.147383381025684643e-16
1.731166076744926561e-14
1.143618949569869751e-14
7.842640842563437255e-15
8.073617379884035472e-18
7.550196065597273626e-15
8.207950856717426938e-15
1.102370632714950326e-14
1.066211405269318067e-15
1.130741317358942587e-14
7.738333992212483995e-15
8.501071608058469356e-15
7.482191242193823733e-15
8.525990639549648980e-15
8.492168745865284495e-15
8.071510677442206826e-15
7.876205358456620748e-15
1.175198097098228519e-14
1.076319107385051318e-14
1.853529981458031071e-15
1.196231399696013731e-14
1.239109396853593730e-14
1.675912991790647818e-14
3.998562273882492167e-15
1.249267177756258309e-14
1.197610427398895002e-14
1.000386519645683269e-14
1.153180018452496149e-14
1.128026977116781926e-14
1.688409734995728047e-14
8.026220370163103720e-15
8.153226502701591428e-15
