8.881792667326685899e-16
2.453269466693398698e-18
6.280609407262060440e-16
6.280561493487750062e-16
1.256093132968504583e-15
8.882055243408596854e-16
6.280369834735100667e-16
8.881784197001252323e-16
6.281902941027858979e-16
1.387778780781445676e-17
9.813077866773594792e-18
1.404779028002760676e-15
8.883952336713031079e-16
6.295684097498007169e-16
2.373617379884035472e-18
6.283435673255383019e-16
6.286500016609088391e-16
8.890453583347260357e-16
8.777083671441753062e-17
8.881784197001252323e-16
6.280369834735100667e-16
6.304854800243424144e-16
6.280369834735100667e-16
6.280369834735100667e-16
6.377745716588144172e-16
6.377745716588144172e-16
6.280369834735100667e-16
9.019494489765867796e-16
9.019494489765867796e-16
1.570092458683775167e-16
9.155133597044474904e-16
9.155133597044474904e-16
1.332267629550187849e-15
3.140184917367550333e-16
9.420554752102649521e-16
9.930136612989092471e-16
7.691850745534255266e-16
8.881784197001252323e-16
8.881784197001252323e-16
1.404333387430680490e-15
6.280369834735100667e-16
6.280369834735100667e-16
