3.552717066930674359e-15
9.813077866773594792e-18
2.512243762904824176e-15
2.512224597395100025e-15
5.024372531874018333e-15
3.552822097363438742e-15
2.512147933894040267e-15
3.552713678800500929e-15
2.512761176411143592e-15
5.551115123125782702e-17
3.925231146709437917e-17
5.619116112011042706e-15
3.553580934685212432e-15
2.518273638999202868e-15
5.973617379884035472e-18
2.513374269302153208e-15
2.514600006643635356e-15
3.556181433338904143e-15
3.510833468576701225e-16
3.552713678800500929e-15
2.512147933894040267e-15
2.521941920097369658e-15
2.512147933894040267e-15
2.512147933894040267e-15
2.551098286635257669e-15
2.551098286635257669e-15
2.512147933894040267e-15
3.607797795906347118e-15
3.607797795906347118e-15
6.280369834735100667e-16
3.662053438817789962e-15
3.662053438817789962e-15
5.329070518200751394e-15
1.256073966947020133e-15
3.768221900841059808e-15
3.972054645195636988e-15
3.076740298213702106e-15
3.552713678800500929e-15
3.552713678800500929e-15
5.617333549722721960e-15
2.512147933894040267e-15
2.512147933894040267e-15
