7.091398177414683855e-14
2.003527871947614722e-16
6.933446080334808780e-14
6.767052170345738907e-14
9.253568513141158294e-14
6.807606364674734248e-14
5.204813285563351115e-14
6.997287846718483770e-14
5.089200145508843286e-14
9.983128214163852897e-16
7.047407068806484021e-16
1.212629295295367305e-13
8.933706444160157006e-14
5.643822552409362767e-14
3.003617379884035472e-17
4.965047383846686940e-14
6.642963112620252067e-14
7.841505522305080823e-14
7.205075971106219508e-15
8.591784999481843066e-14
5.418332166522788923e-14
7.456459518407179318e-14
4.816153221441903497e-14
7.606878156283600821e-14
7.218711435152686560e-14
6.042774910667614167e-14
5.763802466214101277e-14
9.462280358225734928e-14
6.956658888110799857e-14
1.166133069804775186e-14
9.699604013288867754e-14
1.097196941711056626e-13
1.235844912957410201e-13
3.039750883219149721e-14
1.051150706182364654e-13
7.948386173798886681e-14
8.018124844664007705e-14
9.203475599419991812e-14
8.519815426577822962e-14
1.111883897203923197e-13
6.157270857026525257e-14
6.505081708497490630e-14
