5.024300659327722377e-15
1.387778780781445676e-17
3.552849201487220811e-15
3.552822097363438742e-15
7.105535776991082418e-15
5.024449194790200050e-15
3.552713678800500929e-15
5.024295867788080534e-15
3.553580934685212432e-15
7.850462293418875834e-17
5.551115123125782702e-17
7.946630214155190194e-15
5.025522352822287183e-15
3.561376734039321339e-15
6.473617379884035472e-18
3.554447978966673045e-15
3.556181433338904143e-15
5.029200013287270712e-15
4.965068306494546235e-16
5.024295867788080534e-15
3.552713678800500929e-15
3.566564466918943695e-15
3.552713678800500929e-15
3.552713678800500929e-15
3.607797795906347118e-15
3.607797795906347118e-15
3.552713678800500929e-15
5.102196573270515337e-15
5.102196573270515337e-15
8.881784197001252323e-16
5.178925639311150013e-15
5.178925639311150013e-15
7.536443801682119617e-15
1.776356839400250465e-15
5.329070518200751394e-15
5.617333549722721960e-15
4.351167857633658331e-15
5.024295867788080534e-15
5.024295867788080534e-15
7.944109290391273977e-15
3.552713678800500929e-15
3.552713678800500929e-15
