4.858422328763338715e-14
1.368220464689664871e-16
4.535343994447455123e-14
4.441884175626427214e-14
6.413049826441571105e-14
4.691304058351899240e-14
3.546956615519901315e-14
4.803103545280828765e-14
3.479437635108503582e-14
6.942234884561010256e-16
4.901908464413480035e-16
8.215806296699709089e-14
5.922180101998817955e-14
3.803217352151942483e-14
1.903617379884035472e-17
3.406672337033682634e-14
4.372566490501939073e-14
5.296452589728908735e-14
4.916765734903884792e-15
5.727160747799159745e-14
3.671317923358823092e-14
4.829707910193925877e-14
3.318684729593589409e-14
4.910369101255303472e-14
4.705128277160697900e-14
4.039988222265584465e-14
3.871066901192762673e-14
6.234747434902708463e-14
4.789705123230892540e-14
8.072320790305878495e-15
6.382138772681012487e-14
7.093320788148398338e-14
8.287460527990786928e-14
2.026054705111579758e-14
6.865355885977455882e-14
5.443600949027154181e-14
5.288004516813466656e-14
6.074924906769187286e-14
5.686015591905574663e-14
7.626813418922101830e-14
4.096498713076682290e-14
4.294059978650073183e-14
