1.562375579356582292e-14
4.357507691705484320e-17
1.269385413857528981e-14
1.256233427874555178e-14
2.134669880365744923e-14
1.535292118735135059e-14
1.122556069248635941e-14
1.553454643532045484e-14
1.111956080227442427e-14
2.334518219961098156e-16
1.649577467383207109e-16
2.555151160910061952e-14
1.725168063697981388e-14
1.163816557385594298e-14
8.773617379884035472e-18
1.100401726796675182e-14
1.246981947325735859e-14
1.632082088457563687e-14
1.562436485775650290e-15
1.696318073927334189e-14
1.142065733902490182e-14
1.312458175261025283e-14
1.085833165567044378e-14
1.320800343503477479e-14
1.302887233332071335e-14
1.207288722873587420e-14
1.172722999323343776e-14
1.783561240820391112e-14
1.563266358197632577e-14
2.677622289055411537e-15
1.818038011799519420e-14
1.916658052381814894e-14
2.499159469258842721e-14
5.999163385359672082e-15
1.912745818160856916e-14
1.748671559849724314e-14
1.516871625569558754e-14
1.747060963624432885e-14
1.690213733306819664e-14
2.461467841295919134e-14
1.206386630112261140e-14
1.235134228484495692e-14
