2.280457849514830719e-14
6.380834330334511684e-17
1.940583852717642313e-14
1.913826837540288188e-14
3.080174725831475618e-14
2.227880407906886793e-14
1.647241671197793950e-14
2.263113671221016360e-14
1.626402780780542104e-14
3.357102589542668429e-16
2.371575068889273366e-16
3.771329361638134480e-14
2.602444502273097689e-14
1.727057258435075687e-14
9.073617379884035472e-18
1.603778166575751291e-14
1.894460632258408732e-14
2.416330646348755645e-14
2.289609508975690377e-15
2.544786295289419456e-14
1.685523191253876779e-14
2.026269794241748363e-14
1.575786591495419613e-14
2.046112435670057178e-14
1.998918289990640067e-14
1.805790909068860632e-14
1.746119064385888265e-14
2.706854876306766968e-14
2.270517813819896333e-14
3.868111762188230075e-15
2.763062575675477992e-14
2.964692301654864558e-14
3.726803290732144895e-14
9.000725475583221285e-15
2.928594163069948696e-14
2.553294589183441797e-14
2.300010529203220172e-14
2.646787111969079304e-14
2.532583459626974493e-14
3.588479625621989090e-14
1.813267807502328302e-14
1.871107790110446987e-14
