1.000000e-03  9.999996e-01
2.000000e-03  9.999985e-01
3.000000e-03  9.999967e-01
4.000000e-03  9.999941e-01
6.000000e-03  9.999867e-01
8.000000e-03  9.999763e-01
1.000000e-02  9.999629e-01
1.300000e-02  9.999374e-01
1.700000e-02  9.998930e-01
2.000000e-02  9.998516e-01
2.400000e-02  9.997866e-01
3.000000e-02  9.996670e-01
3.600000e-02  9.995210e-01
4.200000e-02  9.993474e-01
5.000000e-02  9.990746e-01
6.000000e-02  9.986679e-01
7.000000e-02  9.981899e-01
8.000000e-02  9.976418e-01
9.000000e-02  9.970213e-01
1.000000e-01  9.963232e-01
1.200000e-01  9.947284e-01
1.600000e-01  9.907304e-01
1.900000e-01  9.870227e-01
2.460000e-01  9.786998e-01
3.000000e-01  9.690533e-01
3.670000e-01  9.553509e-01
4.060000e-01  9.466637e-01
4.500000e-01  9.365211e-01
5.000000e-01  9.245949e-01
5.620000e-01  9.097528e-01
6.060000e-01  8.992252e-01
7.000000e-01  8.785307e-01
8.000000e-01  8.601510e-01
9.000000e-01  8.465861e-01
1.000000e+00  8.396013e-01
