1.000000e-03  1.000000e+00
2.000000e-03  9.999523e-01
3.000000e-03  9.900375e-01
4.000000e-03  9.999220e-01
6.000000e-03  9.988997e-01
8.000000e-03  1.000000e+00
1.000000e-02  9.988540e-01
1.300000e-02  9.995653e-01
1.700000e-02  9.999999e-01
2.000000e-02  9.961645e-01
2.400000e-02  9.999139e-01
3.000000e-02  9.941700e-01
3.600000e-02  9.841457e-01
4.200000e-02  5.817029e-01
5.000000e-02  9.797871e-01
6.000000e-02  9.999801e-01
7.000000e-02  9.774234e-01
8.000000e-02  9.226842e-01
9.000000e-02  9.999998e-01
1.000000e-01  9.999998e-01
1.200000e-01  9.434156e-01
1.600000e-01  3.479536e-01
1.900000e-01  8.758268e-01
2.460000e-01  9.991923e-01
3.000000e-01  1.381036e-06
3.670000e-01  9.999989e-01
4.060000e-01  6.691996e-01
4.500000e-01  9.999986e-01
5.000000e-01  3.521256e-01
5.620000e-01  5.162135e-03
6.060000e-01  1.924143e-01
7.000000e-01  9.998593e-01
8.000000e-01  9.961008e-01
9.000000e-01  2.208153e-01
1.000000e+00  1.757557e-01
