1.000000e-03  1.000000e+00
2.000000e-03  1.000000e+00
3.000000e-03  1.000000e+00
4.000000e-03  1.000000e+00
6.000000e-03  1.000000e+00
8.000000e-03  1.000000e+00
1.000000e-02  1.000000e+00
1.300000e-02  9.999999e-01
1.700000e-02  9.999994e-01
2.000000e-02  9.999999e-01
2.400000e-02  1.000000e+00
3.000000e-02  1.000000e+00
3.600000e-02  9.999997e-01
4.200000e-02  9.999972e-01
5.000000e-02  1.000000e+00
6.000000e-02  9.999983e-01
7.000000e-02  9.999885e-01
8.000000e-02  9.999999e-01
9.000000e-02  9.926463e-01
1.000000e-01  9.999999e-01
1.200000e-01  9.999874e-01
1.600000e-01  9.999934e-01
1.900000e-01  9.999993e-01
2.460000e-01  9.998039e-01
3.000000e-01  9.999994e-01
3.670000e-01  9.998372e-01
4.060000e-01  9.999990e-01
4.500000e-01  9.999986e-01
5.000000e-01  9.998660e-01
5.620000e-01  9.999571e-01
6.060000e-01  9.999597e-01
7.000000e-01  9.999071e-01
8.000000e-01  9.999965e-01
9.000000e-01  9.997969e-01
1.000000e+00  9.997733e-01
