1.000000e-03  9.999997e-01
2.000000e-03  9.999988e-01
3.000000e-03  9.999971e-01
4.000000e-03  9.999950e-01
6.000000e-03  9.999890e-01
8.000000e-03  9.999782e-01
1.000000e-02  9.999719e-01
1.300000e-02  9.999478e-01
1.700000e-02  9.998992e-01
2.000000e-02  9.998922e-01
2.400000e-02  9.998207e-01
3.000000e-02  9.997505e-01
3.600000e-02  9.995906e-01
4.200000e-02  9.994315e-01
5.000000e-02  9.991022e-01
6.000000e-02  9.987106e-01
7.000000e-02  9.983821e-01
8.000000e-02  9.980903e-01
9.000000e-02  9.974955e-01
1.000000e-01  9.969847e-01
1.200000e-01  9.949179e-01
1.600000e-01  9.926922e-01
1.900000e-01  9.903920e-01
2.460000e-01  9.821269e-01
3.000000e-01  9.737649e-01
3.670000e-01  9.612464e-01
4.060000e-01  9.600819e-01
4.500000e-01  9.548442e-01
5.000000e-01  9.469105e-01
5.620000e-01  9.331329e-01
6.060000e-01  9.309430e-01
7.000000e-01  8.998614e-01
8.000000e-01  8.863151e-01
9.000000e-01  8.483674e-01
1.000000e+00  8.347046e-01
