1.000000e-03  9.999966e-01
2.000000e-03  9.999871e-01
3.000000e-03  9.999714e-01
4.000000e-03  9.999492e-01
6.000000e-03  9.998857e-01
8.000000e-03  9.997935e-01
1.000000e-02  9.996768e-01
1.300000e-02  9.994581e-01
1.700000e-02  9.990708e-01
2.000000e-02  9.987070e-01
2.400000e-02  9.981409e-01
3.000000e-02  9.970923e-01
3.600000e-02  9.958075e-01
4.200000e-02  9.942806e-01
5.000000e-02  9.918774e-01
6.000000e-02  9.883330e-01
7.000000e-02  9.841315e-01
8.000000e-02  9.792507e-01
9.000000e-02  9.737418e-01
1.000000e-01  9.675816e-01
1.200000e-01  9.533854e-01
1.600000e-01  9.176354e-01
1.900000e-01  8.847478e-01
2.460000e-01  8.108280e-01
3.000000e-01  7.279375e-01
3.670000e-01  6.166897e-01
4.060000e-01  5.516376e-01
4.500000e-01  4.809791e-01
5.000000e-01  4.068894e-01
5.620000e-01  3.268496e-01
6.060000e-01  2.787673e-01
7.000000e-01  1.987140e-01
8.000000e-01  1.408006e-01
9.000000e-01  1.027294e-01
1.000000e+00  7.892186e-02
