1.000000e-03  6.014940e-01
2.000000e-03  2.427017e-01
3.000000e-03  6.528424e-02
4.000000e-03  3.367713e-01
6.000000e-03  1.282688e-01
8.000000e-03  4.321476e-01
1.000000e-02  9.956440e-02
1.300000e-02  1.250296e-01
1.700000e-02  3.455132e-01
2.000000e-02  6.398000e-02
2.400000e-02  1.167978e-01
3.000000e-02  9.687513e-02
3.600000e-02  6.269548e-01
4.200000e-02  3.619412e-01
5.000000e-02  1.043487e-01
6.000000e-02  2.861625e-01
7.000000e-02  8.382456e-01
8.000000e-02  1.261245e-01
9.000000e-02  5.836847e-01
1.000000e-01  7.450907e-01
1.200000e-01  6.491810e-01
1.600000e-01  6.886920e-01
1.900000e-01  4.603014e-01
2.460000e-01  1.131403e-01
3.000000e-01  7.794576e-01
3.670000e-01  6.992536e-01
4.060000e-01  5.973532e-01
4.500000e-01  6.064750e-01
5.000000e-01  4.561288e-01
5.620000e-01  3.544674e-01
6.060000e-01  3.976749e-01
7.000000e-01  3.167268e-01
8.000000e-01  2.880975e-01
9.000000e-01  2.843271e-01
1.000000e+00  3.294250e-01
