1.000000e-03  8.862405e-02
2.000000e-03  2.395420e-01
3.000000e-03  9.553154e-02
4.000000e-03  4.909569e-01
6.000000e-03  2.645700e-01
8.000000e-03  2.261403e-01
1.000000e-02  1.176607e-01
1.300000e-02  7.899299e-01
1.700000e-02  7.939425e-02
2.000000e-02  2.749009e-01
2.400000e-02  2.918941e-01
3.000000e-02  1.921551e-01
3.600000e-02  1.770334e-01
4.200000e-02  2.804218e-01
5.000000e-02  4.734358e-01
6.000000e-02  2.348138e-01
7.000000e-02  5.767247e-01
8.000000e-02  6.816244e-01
9.000000e-02  2.098244e-01
1.000000e-01  9.019152e-02
1.200000e-01  8.450049e-02
1.600000e-01  1.646725e-01
1.900000e-01  1.987563e-01
2.460000e-01  3.687816e-01
3.000000e-01  1.372689e-01
3.670000e-01  5.103174e-01
4.060000e-01  3.241450e-01
4.500000e-01  2.192952e-01
5.000000e-01  2.098431e-01
5.620000e-01  4.855876e-01
6.060000e-01  7.861444e-01
7.000000e-01  2.754408e-01
8.000000e-01  4.779293e-01
9.000000e-01  6.041476e-01
1.000000e+00  8.498892e-01
