1.000000e-03  9.999968e-01
2.000000e-03  9.999979e-01
3.000000e-03  9.999984e-01
4.000000e-03  9.999983e-01
6.000000e-03  9.999988e-01
8.000000e-03  9.999991e-01
1.000000e-02  9.999997e-01
1.300000e-02  9.999995e-01
1.700000e-02  1.000000e+00
2.000000e-02  9.999998e-01
2.400000e-02  9.999993e-01
3.000000e-02  9.999995e-01
3.600000e-02  9.999989e-01
4.200000e-02  9.999983e-01
5.000000e-02  9.999989e-01
6.000000e-02  9.999991e-01
7.000000e-02  9.999990e-01
8.000000e-02  1.000000e+00
9.000000e-02  9.999992e-01
1.000000e-01  9.999984e-01
1.200000e-01  9.999991e-01
1.600000e-01  9.999999e-01
1.900000e-01  9.999990e-01
2.460000e-01  9.999995e-01
3.000000e-01  9.999992e-01
3.670000e-01  9.999982e-01
4.060000e-01  9.999977e-01
4.500000e-01  9.999970e-01
5.000000e-01  9.999959e-01
5.620000e-01  9.999942e-01
6.060000e-01  9.999936e-01
7.000000e-01  9.999911e-01
8.000000e-01  9.999884e-01
9.000000e-01  9.999863e-01
1.000000e+00  9.999837e-01
