1.000000e-03  9.808368e-01
2.000000e-03  9.954606e-01
3.000000e-03  9.786907e-01
4.000000e-03  9.688605e-01
6.000000e-03  9.886845e-01
8.000000e-03  9.641615e-01
1.000000e-02  9.892535e-01
1.300000e-02  9.849201e-01
1.700000e-02  9.882479e-01
2.000000e-02  9.905999e-01
2.400000e-02  9.930966e-01
3.000000e-02  9.916319e-01
3.600000e-02  9.899014e-01
4.200000e-02  9.806034e-01
5.000000e-02  9.898202e-01
6.000000e-02  9.876347e-01
7.000000e-02  9.927832e-01
8.000000e-02  9.878542e-01
9.000000e-02  9.785438e-01
1.000000e-01  9.686521e-01
1.200000e-01  9.976761e-01
1.600000e-01  9.983329e-01
1.900000e-01  9.847681e-01
2.460000e-01  9.857472e-01
3.000000e-01  9.943520e-01
3.670000e-01  9.841231e-01
4.060000e-01  9.785409e-01
4.500000e-01  9.856876e-01
5.000000e-01  9.812940e-01
5.620000e-01  9.734362e-01
6.060000e-01  9.689692e-01
7.000000e-01  9.574265e-01
8.000000e-01  9.492247e-01
9.000000e-01  9.377561e-01
1.000000e+00  9.340986e-01
