1.000000e-03  7.323990e-03
2.000000e-03  3.983743e-03
3.000000e-03  7.252736e-03
4.000000e-03  1.011515e-02
6.000000e-03  7.552859e-02
8.000000e-03  2.305523e-01
1.000000e-02  4.023792e-03
1.300000e-02  3.589136e-02
1.700000e-02  4.454920e-02
2.000000e-02  7.006302e-03
2.400000e-02  1.064808e-01
3.000000e-02  6.897446e-02
3.600000e-02  4.967012e-03
4.200000e-02  3.660301e-02
5.000000e-02  6.233633e-02
6.000000e-02  6.774481e-01
7.000000e-02  3.569444e-01
8.000000e-02  4.669435e-03
9.000000e-02  1.725166e-01
1.000000e-01  1.177908e-02
1.200000e-01  1.658934e-02
1.600000e-01  6.917678e-02
1.900000e-01  1.382739e-01
2.460000e-01  3.973715e-03
3.000000e-01  6.257585e-02
3.670000e-01  4.792906e-03
4.060000e-01  7.640352e-03
4.500000e-01  8.360334e-03
5.000000e-01  6.173927e-02
5.620000e-01  3.804108e-03
6.060000e-01  3.383198e-03
7.000000e-01  2.658465e-03
8.000000e-01  1.903267e-03
9.000000e-01  1.029237e-03
1.000000e+00  8.144567e-04
