1.000000e-03  9.999893e-01
2.000000e-03  9.999593e-01
3.000000e-03  9.999101e-01
4.000000e-03  9.998408e-01
6.000000e-03  9.996416e-01
8.000000e-03  9.993625e-01
1.000000e-02  9.990021e-01
1.300000e-02  9.983113e-01
1.700000e-02  9.971211e-01
2.000000e-02  9.959953e-01
2.400000e-02  9.942309e-01
3.000000e-02  9.910004e-01
3.600000e-02  9.870856e-01
4.200000e-02  9.824315e-01
5.000000e-02  9.751771e-01
6.000000e-02  9.644160e-01
7.000000e-02  9.518385e-01
8.000000e-02  9.375671e-01
9.000000e-02  9.215389e-01
1.000000e-01  9.040414e-01
1.200000e-01  8.643747e-01
1.600000e-01  7.704163e-01
1.900000e-01  6.905062e-01
2.460000e-01  5.325992e-01
3.000000e-01  3.851954e-01
3.670000e-01  2.309956e-01
4.060000e-01  1.613269e-01
4.500000e-01  1.014273e-01
5.000000e-01  5.505240e-02
5.620000e-01  2.239020e-02
6.060000e-01  1.052012e-02
7.000000e-01  1.158623e-03
8.000000e-01  4.738341e-05
9.000000e-01  7.831505e-04
1.000000e+00  1.337091e-03
