1.000000e-03  1.404560e-02
2.000000e-03  6.978952e-03
3.000000e-03  1.008207e-01
4.000000e-03  1.052146e-01
6.000000e-03  1.710674e-02
8.000000e-03  8.066135e-02
1.000000e-02  9.640092e-03
1.300000e-02  6.180914e-01
1.700000e-02  3.617542e-02
2.000000e-02  7.223609e-02
2.400000e-02  4.487609e-01
3.000000e-02  5.912840e-02
3.600000e-02  5.843314e-01
4.200000e-02  3.190889e-02
5.000000e-02  1.396606e-01
6.000000e-02  4.445307e-03
7.000000e-02  7.629019e-03
8.000000e-02  3.906677e-02
9.000000e-02  6.251403e-03
1.000000e-01  4.558636e-03
1.200000e-01  5.357415e-03
1.600000e-01  1.253362e-02
1.900000e-01  1.240489e-02
2.460000e-01  2.064327e-01
3.000000e-01  1.354331e-01
3.670000e-01  5.396189e-03
4.060000e-01  5.219888e-02
4.500000e-01  1.297073e-01
5.000000e-01  2.724738e-01
5.620000e-01  2.420831e-01
6.060000e-01  5.155590e-01
7.000000e-01  2.906469e-01
8.000000e-01  1.767806e-01
9.000000e-01  4.707088e-02
1.000000e+00  4.254127e-01
