1.000000e-03  9.999980e-01
2.000000e-03  9.999993e-01
3.000000e-03  9.999988e-01
4.000000e-03  9.999987e-01
6.000000e-03  9.999956e-01
8.000000e-03  9.999980e-01
1.000000e-02  9.999988e-01
1.300000e-02  9.999955e-01
1.700000e-02  9.999981e-01
2.000000e-02  9.999982e-01
2.400000e-02  9.999959e-01
3.000000e-02  9.999960e-01
3.600000e-02  9.999988e-01
4.200000e-02  9.999974e-01
5.000000e-02  9.999992e-01
6.000000e-02  9.999992e-01
7.000000e-02  9.999974e-01
8.000000e-02  9.999991e-01
9.000000e-02  9.999962e-01
1.000000e-01  9.999989e-01
1.200000e-01  9.999989e-01
1.600000e-01  9.999980e-01
1.900000e-01  9.999978e-01
2.460000e-01  9.999958e-01
3.000000e-01  9.999947e-01
3.670000e-01  9.999930e-01
4.060000e-01  9.999918e-01
4.500000e-01  9.999888e-01
5.000000e-01  9.999855e-01
5.620000e-01  9.999838e-01
6.060000e-01  9.999797e-01
7.000000e-01  9.999684e-01
8.000000e-01  9.999677e-01
9.000000e-01  9.999583e-01
1.000000e+00  9.999422e-01
