1.000000e-03  9.767794e-01
2.000000e-03  9.868238e-01
3.000000e-03  9.985824e-01
4.000000e-03  9.827505e-01
6.000000e-03  9.468342e-01
8.000000e-03  9.840701e-01
1.000000e-02  9.982315e-01
1.300000e-02  9.859390e-01
1.700000e-02  9.650474e-01
2.000000e-02  9.646866e-01
2.400000e-02  9.931411e-01
3.000000e-02  9.765577e-01
3.600000e-02  9.972006e-01
4.200000e-02  9.937351e-01
5.000000e-02  9.988118e-01
6.000000e-02  9.986662e-01
7.000000e-02  9.627773e-01
8.000000e-02  9.906406e-01
9.000000e-02  9.787517e-01
1.000000e-01  9.911629e-01
1.200000e-01  9.856211e-01
1.600000e-01  9.820916e-01
1.900000e-01  9.865630e-01
2.460000e-01  9.794209e-01
3.000000e-01  9.650093e-01
3.670000e-01  9.564337e-01
4.060000e-01  9.385195e-01
4.500000e-01  9.374811e-01
5.000000e-01  9.199437e-01
5.620000e-01  8.774533e-01
6.060000e-01  8.716647e-01
7.000000e-01  8.342123e-01
8.000000e-01  8.043958e-01
9.000000e-01  7.617626e-01
1.000000e+00  6.818297e-01
