1.000000e-03  9.999949e-01
2.000000e-03  9.999795e-01
3.000000e-03  9.999460e-01
4.000000e-03  9.999143e-01
6.000000e-03  9.998218e-01
8.000000e-03  9.996655e-01
1.000000e-02  9.995014e-01
1.300000e-02  9.989878e-01
1.700000e-02  9.985306e-01
2.000000e-02  9.977230e-01
2.400000e-02  9.967737e-01
3.000000e-02  9.946189e-01
3.600000e-02  9.928153e-01
4.200000e-02  9.911843e-01
5.000000e-02  9.872228e-01
6.000000e-02  9.821682e-01
7.000000e-02  9.745984e-01
8.000000e-02  9.683591e-01
9.000000e-02  9.528867e-01
1.000000e-01  9.422732e-01
1.200000e-01  9.311656e-01
1.600000e-01  8.812907e-01
1.900000e-01  8.111021e-01
2.460000e-01  7.476638e-01
3.000000e-01  6.556544e-01
3.670000e-01  5.493534e-01
4.060000e-01  4.894286e-01
4.500000e-01  3.792353e-01
5.000000e-01  3.775271e-01
5.620000e-01  2.743130e-01
6.060000e-01  2.958678e-01
7.000000e-01  2.536642e-01
8.000000e-01  2.383337e-01
9.000000e-01  2.008040e-01
1.000000e+00  2.050247e-01
