1.000000e-03  9.999955e-01
2.000000e-03  9.999821e-01
3.000000e-03  9.999598e-01
4.000000e-03  9.999285e-01
6.000000e-03  9.998391e-01
8.000000e-03  9.997140e-01
1.000000e-02  9.995532e-01
1.300000e-02  9.992450e-01
1.700000e-02  9.987094e-01
2.000000e-02  9.982143e-01
2.400000e-02  9.974300e-01
3.000000e-02  9.959880e-01
3.600000e-02  9.942293e-01
4.200000e-02  9.921570e-01
5.000000e-02  9.889082e-01
6.000000e-02  9.840806e-01
7.000000e-02  9.784185e-01
8.000000e-02  9.719380e-01
9.000000e-02  9.646647e-01
1.000000e-01  9.566267e-01
1.200000e-01  9.383626e-01
1.600000e-01  8.940047e-01
1.900000e-01  8.550724e-01
2.460000e-01  7.734750e-01
3.000000e-01  6.894993e-01
3.670000e-01  5.869007e-01
4.060000e-01  5.311932e-01
4.500000e-01  4.737259e-01
5.000000e-01  4.163417e-01
5.620000e-01  3.573110e-01
6.060000e-01  3.230172e-01
7.000000e-01  2.669473e-01
8.000000e-01  2.246736e-01
9.000000e-01  1.911000e-01
1.000000e+00  1.602946e-01
