1.000000e-03  9.999964e-01
2.000000e-03  9.999766e-01
3.000000e-03  9.999466e-01
4.000000e-03  9.999293e-01
6.000000e-03  9.999806e-01
8.000000e-03  9.996167e-01
1.000000e-02  9.994574e-01
1.300000e-02  9.989867e-01
1.700000e-02  9.995060e-01
2.000000e-02  9.981742e-01
2.400000e-02  9.965518e-01
3.000000e-02  9.969916e-01
3.600000e-02  5.913245e-01
4.200000e-02  9.894883e-01
5.000000e-02  9.595411e-01
6.000000e-02  9.865273e-01
7.000000e-02  9.711533e-01
8.000000e-02  9.941630e-01
9.000000e-02  9.530267e-01
1.000000e-01  9.984161e-01
1.200000e-01  9.216191e-01
1.600000e-01  9.078846e-01
1.900000e-01  9.631858e-01
2.460000e-01  7.099774e-01
3.000000e-01  9.142618e-01
3.670000e-01  7.729803e-01
4.060000e-01  2.168793e-01
4.500000e-01  2.436662e-02
5.000000e-01  7.438324e-01
5.620000e-01  2.732957e-01
6.060000e-01  3.351116e-02
7.000000e-01  2.046072e-01
8.000000e-01  1.771989e-01
9.000000e-01  2.704517e-01
1.000000e+00  3.180736e-01
