1.000000e-03  9.999999e-01
2.000000e-03  9.999995e-01
3.000000e-03  9.999986e-01
4.000000e-03  9.999977e-01
6.000000e-03  9.999938e-01
8.000000e-03  9.999909e-01
1.000000e-02  9.999814e-01
1.300000e-02  9.999785e-01
1.700000e-02  9.999571e-01
2.000000e-02  9.999305e-01
2.400000e-02  9.999307e-01
3.000000e-02  9.998752e-01
3.600000e-02  9.998291e-01
4.200000e-02  9.997509e-01
5.000000e-02  9.996608e-01
6.000000e-02  9.995778e-01
7.000000e-02  9.993329e-01
8.000000e-02  9.991168e-01
9.000000e-02  9.985175e-01
1.000000e-01  9.986303e-01
1.200000e-01  9.973430e-01
1.600000e-01  9.956879e-01
1.900000e-01  9.948665e-01
2.460000e-01  9.896637e-01
3.000000e-01  9.856768e-01
3.670000e-01  9.802697e-01
4.060000e-01  9.774993e-01
4.500000e-01  9.725961e-01
5.000000e-01  9.670848e-01
5.620000e-01  9.591892e-01
6.060000e-01  9.440575e-01
7.000000e-01  9.362827e-01
8.000000e-01  9.240894e-01
9.000000e-01  9.074163e-01
1.000000e+00  8.938322e-01
