1.000000e-03  9.995778e-01
2.000000e-03  1.000000e+00
3.000000e-03  9.999987e-01
4.000000e-03  9.998415e-01
6.000000e-03  9.997655e-01
8.000000e-03  9.999926e-01
1.000000e-02  9.999908e-01
1.300000e-02  1.000000e+00
1.700000e-02  9.999995e-01
2.000000e-02  9.957574e-01
2.400000e-02  9.999492e-01
3.000000e-02  9.998306e-01
3.600000e-02  9.983678e-01
4.200000e-02  9.812564e-01
5.000000e-02  1.000000e+00
6.000000e-02  9.793575e-01
7.000000e-02  6.978131e-01
8.000000e-02  9.732269e-01
9.000000e-02  9.596118e-01
1.000000e-01  9.795882e-01
1.200000e-01  9.999998e-01
1.600000e-01  9.071044e-01
1.900000e-01  9.990632e-01
2.460000e-01  9.999996e-01
3.000000e-01  9.989176e-01
3.670000e-01  2.713514e-01
4.060000e-01  3.274285e-01
4.500000e-01  1.780595e-01
5.000000e-01  8.893150e-01
5.620000e-01  7.991057e-01
6.060000e-01  9.999988e-01
7.000000e-01  7.593185e-03
8.000000e-01  8.601029e-01
9.000000e-01  1.313642e-01
1.000000e+00  9.975364e-01
