1.000000e-03  9.999997e-01
2.000000e-03  9.999986e-01
3.000000e-03  9.999969e-01
4.000000e-03  9.999945e-01
6.000000e-03  9.999875e-01
8.000000e-03  9.999778e-01
1.000000e-02  9.999654e-01
1.300000e-02  9.999415e-01
1.700000e-02  9.998997e-01
2.000000e-02  9.998616e-01
2.400000e-02  9.998002e-01
3.000000e-02  9.996884e-01
3.600000e-02  9.995514e-01
4.200000e-02  9.993882e-01
5.000000e-02  9.991332e-01
6.000000e-02  9.987534e-01
7.000000e-02  9.983021e-01
8.000000e-02  9.977829e-01
9.000000e-02  9.971958e-01
1.000000e-01  9.965386e-01
1.200000e-01  9.950204e-01
1.600000e-01  9.911601e-01
1.900000e-01  9.875405e-01
2.460000e-01  9.792005e-01
3.000000e-01  9.692597e-01
3.670000e-01  9.542446e-01
4.060000e-01  9.443385e-01
4.500000e-01  9.320898e-01
5.000000e-01  9.168160e-01
5.620000e-01  8.959564e-01
6.060000e-01  8.799685e-01
7.000000e-01  8.430594e-01
8.000000e-01  7.999500e-01
9.000000e-01  7.532694e-01
1.000000e+00  7.050626e-01
