1.000000e-03  1.000000e+00
2.000000e-03  1.000000e+00
3.000000e-03  1.000000e+00
4.000000e-03  1.000000e+00
6.000000e-03  1.000000e+00
8.000000e-03  1.000000e+00
1.000000e-02  1.000000e+00
1.300000e-02  1.000000e+00
1.700000e-02  1.000000e+00
2.000000e-02  1.000000e+00
2.400000e-02  1.000000e+00
3.000000e-02  1.000000e+00
3.600000e-02  1.000000e+00
4.200000e-02  1.000000e+00
5.000000e-02  1.000000e+00
6.000000e-02  1.000000e+00
7.000000e-02  1.000000e+00
8.000000e-02  9.999999e-01
9.000000e-02  9.999999e-01
1.000000e-01  9.999999e-01
1.200000e-01  9.999999e-01
1.600000e-01  9.999998e-01
1.900000e-01  9.999997e-01
2.460000e-01  9.999994e-01
3.000000e-01  9.999992e-01
3.670000e-01  9.999988e-01
4.060000e-01  9.999986e-01
4.500000e-01  9.999983e-01
5.000000e-01  9.999979e-01
5.620000e-01  9.999975e-01
6.060000e-01  9.999971e-01
7.000000e-01  9.999963e-01
8.000000e-01  9.999953e-01
9.000000e-01  9.999942e-01
1.000000e+00  9.999931e-01
