1.000000e-03  9.999998e-01
2.000000e-03  9.999990e-01
3.000000e-03  9.999978e-01
4.000000e-03  9.999966e-01
6.000000e-03  9.999927e-01
8.000000e-03  9.999868e-01
1.000000e-02  9.999789e-01
1.300000e-02  9.999654e-01
1.700000e-02  9.999415e-01
2.000000e-02  9.999153e-01
2.400000e-02  9.998915e-01
3.000000e-02  9.998079e-01
3.600000e-02  9.997510e-01
4.200000e-02  9.996249e-01
5.000000e-02  9.994845e-01
6.000000e-02  9.992049e-01
7.000000e-02  9.988808e-01
8.000000e-02  9.985831e-01
9.000000e-02  9.984802e-01
1.000000e-01  9.979367e-01
1.200000e-01  9.966631e-01
1.600000e-01  9.954483e-01
1.900000e-01  9.932458e-01
2.460000e-01  9.897804e-01
3.000000e-01  9.818925e-01
3.670000e-01  9.760924e-01
4.060000e-01  9.742934e-01
4.500000e-01  9.626735e-01
5.000000e-01  9.530960e-01
5.620000e-01  9.477747e-01
6.060000e-01  9.391709e-01
7.000000e-01  9.094178e-01
8.000000e-01  8.978993e-01
9.000000e-01  8.655140e-01
1.000000e+00  8.642334e-01
