8.914111570327872027e-13
1.004994043234813551e-12
9.881859933029742724e-13
1.056906323561635995e-12
1.283318059545940851e-12
1.211143122013274985e-12
1.160408516010233876e-12
1.065860712934825252e-12
1.289474336848989307e-12
1.087343785445241610e-12
9.982492542895650727e-13
1.103002599791224472e-12
9.041705669252549154e-13
1.187620564634504496e-12
1.136283321161915059e-12
1.152027253528048620e-12
1.179605876155637051e-12
1.075446641813396417e-12
9.813763642566056007e-13
8.965553681327256777e-13
7.251614862505344580e-13
8.739712780606980080e-13
1.070326357905396070e-12
1.101354039573680661e-12
9.759314358673939526e-13
1.147764773931543039e-12
9.766721727956320886e-13
9.979015199357283571e-13
1.098278127374281563e-12
1.226471910329535039e-12
1.257511431698201008e-12
1.170463375408798043e-12
1.196610898067948025e-12
1.142203509170857667e-12
1.116025215371321120e-12
1.196582046497501513e-12
1.343164402144839160e-12
1.420962336034764829e-12
1.149894727610763324e-12
6.381689572841609516e-13
9.875496085357516021e-13
1.004948801319264814e-12
