1.451773464660795045e-12
1.658036332311388214e-12
1.656370133410604458e-12
1.817369510750194008e-12
2.293737927415142713e-12
2.141530889101400836e-12
2.056074273343996719e-12
1.846015966179353018e-12
2.303018113169525295e-12
1.866118247476439092e-12
1.620867164823825512e-12
1.893330533806063697e-12
1.515480825038337673e-12
2.083779037051679500e-12
1.977780096761653068e-12
2.026472561667487761e-12
2.110353755236600490e-12
1.840246441280123637e-12
1.664248011725256666e-12
1.481930713521113001e-12
1.149441359579931043e-12
1.424203397170669785e-12
1.786062834742577865e-12
1.925191489875465062e-12
1.578325882291990134e-12
1.961401712891610528e-12
1.637736906300396300e-12
1.621834511431210499e-12
1.870462836082236372e-12
2.129634420873943753e-12
2.178362875364869917e-12
2.063488402556016780e-12
2.071645982557409713e-12
1.927916024394007257e-12
1.922352152029282263e-12
2.006787245308965246e-12
2.306748369426786523e-12
2.476681700880397726e-12
1.983357941481620715e-12
1.051457203848409579e-12
1.641314521622798251e-12
1.659527638646896367e-12
