2.364392879834335748e-12
2.735423655264676390e-12
2.776361977854403218e-12
3.124999694839830387e-12
4.099711400869886747e-12
3.786633029259087261e-12
3.643063075788183355e-12
3.197204762342588570e-12
4.113220618680727532e-12
3.202664474822539229e-12
2.631818010095847666e-12
3.249947471493598001e-12
2.540098312278661621e-12
3.656163596823819209e-12
3.442463722117018671e-12
3.564664838105938319e-12
3.775492359156080218e-12
3.148930716761455994e-12
2.822282607783751644e-12
2.449506988342612305e-12
1.821960300104102190e-12
2.320848942557132600e-12
2.980418473381790632e-12
3.365277775821838576e-12
2.552548774595751991e-12
3.351816301310880165e-12
2.746246129426313858e-12
2.635878520997468330e-12
3.185560318431532224e-12
3.697877406220022688e-12
3.773536126315512300e-12
3.637862129599767235e-12
3.586560246088077656e-12
3.254113796072398552e-12
3.311249374578043067e-12
3.365582042387056011e-12
3.961605914626780090e-12
4.316759207420505017e-12
3.420929437785684801e-12
1.732397414361281879e-12
2.727876489044599726e-12
2.740469942167738493e-12
