2.063553340789760945e-13
2.238060496492130176e-13
2.098372579201489434e-13
2.078817058452061812e-13
2.247531754251627738e-13
2.190830810072499280e-13
2.086062097963046739e-13
2.051613082686239484e-13
2.263386659496352305e-13
2.151047635183131381e-13
2.331920306207809647e-13
2.180855183357610817e-13
1.920216180549589146e-13
2.198648696068358429e-13
2.154827560639322314e-13
2.116551449789570162e-13
2.060069748802447989e-13
2.146483287655919292e-13
2.012279190581601969e-13
1.985293697457267174e-13
1.820867991281373013e-13
2.019633609164619265e-13
2.303428210331191795e-13
2.061987349174743215e-13
2.307210365823215103e-13
2.299915690016864220e-13
2.071394641092049655e-13
2.324508419306590219e-13
2.223320575335431574e-13
2.342692307671056817e-13
2.419118186028731911e-13
2.136117895913086880e-13
2.306031253677496707e-13
2.375251609818191722e-13
2.183721167582504820e-13
2.536681451842117371e-13
2.651648939476489618e-13
2.683611725137564517e-13
2.240933827018251286e-13
1.426815756688066297e-13
2.151098259381082178e-13
2.231630440315058550e-13
