3.360752173040750963e-13
3.692345882121614670e-13
3.517234298514787625e-13
3.574563474771242610e-13
4.017124819096569297e-13
3.873804645619641914e-13
3.696197117689885544e-13
3.553288399788147235e-13
4.042438321544367700e-13
3.691665227628630172e-13
3.786362012369469934e-13
3.743490458899857337e-13
3.218475482394045668e-13
3.857711965536931570e-13
3.750627138509791746e-13
3.723118029734768966e-13
3.685532615862419358e-13
3.672946734684629444e-13
3.412484510464404231e-13
3.281523718662598011e-13
2.886227439264389824e-13
3.291148255575219610e-13
3.843750542611400897e-13
3.604399996933510879e-13
3.731337778903096210e-13
3.930298852484580219e-13
3.473426955043562765e-13
3.777895815597766750e-13
3.786507629724179667e-13
4.067829139757797007e-13
4.190591922053963855e-13
3.765905535634141863e-13
3.992342364628489784e-13
4.009167896761518300e-13
3.761457203758086206e-13
4.254267392586369950e-13
4.553937595176135213e-13
4.677430135455520598e-13
3.865200696577093434e-13
2.350844065368834051e-13
3.575140711963411065e-13
3.685214998104190150e-13
