5.473401120939986443e-13
6.091621801371794911e-13
5.895491216987033405e-13
6.146526450328006429e-13
7.180006147488209743e-13
6.849621779752004252e-13
6.549121019052727959e-13
6.154112858130926066e-13
7.219847972032627302e-13
6.335699837591964330e-13
6.147953362964101026e-13
6.425791553155289446e-13
5.394488670440654388e-13
6.768676430963630064e-13
6.528227218308134851e-13
6.549147607403658107e-13
6.593539209282497379e-13
6.284948871212927190e-13
5.786995457023911960e-13
5.424083061331027185e-13
4.574910905705202066e-13
5.363179138544890552e-13
6.414099717785926390e-13
6.300571796957863271e-13
6.034508957878139948e-13
6.716441449089962824e-13
5.824430831617208746e-13
6.140006495553436501e-13
6.448750661067539002e-13
7.063340693986730840e-13
7.259281815417415916e-13
6.639167496538263316e-13
6.911787310336460882e-13
6.767041924309434155e-13
6.479105714474896332e-13
7.134830049110201887e-13
7.820925052338540412e-13
8.152577538371704149e-13
6.666763759239897948e-13
3.873287629306771284e-13
5.941909466290860872e-13
6.085599719788167890e-13
