3.850706619381201133e-12
4.512894215864686971e-12
4.653661447157233289e-12
5.373493411759653872e-12
7.327617235402029499e-12
6.695485818695059120e-12
6.454975263411006278e-12
5.537394301904418726e-12
7.346266085009678377e-12
5.496468271590508249e-12
4.273308873536046069e-12
5.578613125852395871e-12
4.257460292100815403e-12
6.415043058333712436e-12
5.991847373474654171e-12
6.270420655275482716e-12
6.754480152285099163e-12
5.388280850072532414e-12
4.786113044498326258e-12
4.048829294915489023e-12
2.887958839734609321e-12
3.782001801757454333e-12
4.973450039766221230e-12
5.882580807155430791e-12
4.128111513465573757e-12
5.727879426173516143e-12
4.605054556916524666e-12
4.283948533888681817e-12
5.425285307256138912e-12
6.420959943829687123e-12
6.536824079056704900e-12
6.413431186520513895e-12
6.209272485320932504e-12
5.492592241468186745e-12
5.703623245652062176e-12
5.644416223252555245e-12
6.803655583251083374e-12
7.523942236188705499e-12
5.900477152180818354e-12
2.854325207246707276e-12
4.533750260202980723e-12
4.525489861710471309e-12
