6.271352614454302877e-12
7.445360123426415067e-12
7.800339090327817635e-12
9.239818965071720993e-12
1.309701320370208720e-11
1.183888958923443338e-11
1.143727264239950639e-11
9.590482291255241909e-12
1.312052777977977508e-11
9.433134097593897759e-12
6.938613786588101857e-12
9.575823818970896672e-12
7.135931727994727895e-12
1.125572648773861630e-11
1.042922681112126335e-11
1.102997812691890468e-11
1.208398740815125243e-11
9.220136335396476305e-12
8.116436678432098979e-12
6.692374725763780923e-12
4.577655319671194888e-12
6.163062733732623429e-12
8.299239022627698438e-12
1.028288279836352242e-11
6.676191592188426348e-12
9.788305733804849185e-12
7.722005411294890651e-12
6.962466173919937724e-12
9.239731074884043722e-12
1.114929514183365313e-11
1.132361467074578216e-11
1.130666807011711167e-11
1.074987234328943817e-11
9.270901825083353240e-12
9.824484491594074626e-12
9.466248066477135347e-12
1.168458708237377992e-11
1.311393664863035838e-11
1.017724313131213907e-11
4.702831071661315557e-12
7.535125400450098732e-12
7.473192160700851495e-12
