1.000000e-03  5.147305e-02
2.000000e-03  3.039656e-02
3.000000e-03  4.097747e-01
4.000000e-03  2.804806e-02
6.000000e-03  4.081566e-01
8.000000e-03  4.207539e-01
1.000000e-02  2.405949e-02
1.300000e-02  5.013732e-01
1.700000e-02  2.302682e-01
2.000000e-02  4.616503e-02
2.400000e-02  2.606427e-01
3.000000e-02  3.072312e-01
3.600000e-02  2.585904e-01
4.200000e-02  2.579719e-02
5.000000e-02  3.073707e-01
6.000000e-02  4.647613e-01
7.000000e-02  2.527416e-02
8.000000e-02  4.269280e-02
9.000000e-02  3.885087e-02
1.000000e-01  1.183354e-01
1.200000e-01  1.111166e-01
1.600000e-01  3.632537e-02
1.900000e-01  2.986404e-01
2.460000e-01  1.155713e-01
3.000000e-01  3.378698e-01
3.670000e-01  1.879115e-01
4.060000e-01  1.281298e-01
4.500000e-01  1.169842e-01
5.000000e-01  1.767305e-01
5.620000e-01  1.163120e-01
6.060000e-01  1.465878e-01
7.000000e-01  1.018531e-01
8.000000e-01  1.244511e-01
9.000000e-01  7.950686e-02
1.000000e+00  1.263915e-01
