1.000000e-03  9.999985e-01
2.000000e-03  9.999934e-01
3.000000e-03  9.999933e-01
4.000000e-03  9.999889e-01
6.000000e-03  9.999769e-01
8.000000e-03  9.999591e-01
1.000000e-02  9.999353e-01
1.300000e-02  9.998924e-01
1.700000e-02  9.998137e-01
2.000000e-02  9.997418e-01
2.400000e-02  9.996227e-01
3.000000e-02  9.994026e-01
3.600000e-02  9.991296e-01
4.200000e-02  9.987810e-01
5.000000e-02  9.982252e-01
6.000000e-02  9.973272e-01
7.000000e-02  9.961558e-01
8.000000e-02  9.947023e-01
9.000000e-02  9.928892e-01
1.000000e-01  9.906632e-01
1.200000e-01  9.847437e-01
1.600000e-01  9.651680e-01
1.900000e-01  9.416261e-01
2.460000e-01  8.719107e-01
3.000000e-01  7.701659e-01
3.670000e-01  6.053314e-01
4.060000e-01  4.996896e-01
4.500000e-01  3.827393e-01
5.000000e-01  2.640598e-01
5.620000e-01  1.508360e-01
6.060000e-01  9.560767e-02
7.000000e-01  3.406638e-02
8.000000e-01  1.531036e-02
9.000000e-01  1.210566e-02
1.000000e+00  1.464895e-02
