1.000000e-03  4.270428e-02
2.000000e-03  1.786375e-02
3.000000e-03  3.652207e-01
4.000000e-03  4.706574e-02
6.000000e-03  4.918340e-01
8.000000e-03  8.311574e-02
1.000000e-02  1.155843e-01
1.300000e-02  2.778313e-01
1.700000e-02  6.146396e-01
2.000000e-02  2.450350e-02
2.400000e-02  1.654799e-02
3.000000e-02  1.557614e-01
3.600000e-02  4.103713e-02
4.200000e-02  2.279261e-02
5.000000e-02  2.562272e-02
6.000000e-02  2.536622e-01
7.000000e-02  3.857041e-02
8.000000e-02  4.357630e-01
9.000000e-02  2.343181e-02
1.000000e-01  1.468982e-01
1.200000e-01  3.203079e-02
1.600000e-01  6.867734e-02
1.900000e-01  4.898710e-02
2.460000e-01  7.588582e-02
3.000000e-01  5.921198e-02
3.670000e-01  1.814278e-01
4.060000e-01  1.201979e-01
4.500000e-01  5.065557e-01
5.000000e-01  4.220769e-01
5.620000e-01  1.787397e-01
6.060000e-01  7.236248e-01
7.000000e-01  1.929802e-01
8.000000e-01  1.188775e-01
9.000000e-01  3.333537e-01
1.000000e+00  2.262965e-01
