1.000000e-03  9.999996e-01
2.000000e-03  9.999975e-01
3.000000e-03  9.999975e-01
4.000000e-03  9.999992e-01
6.000000e-03  9.999987e-01
8.000000e-03  9.999985e-01
1.000000e-02  9.999996e-01
1.300000e-02  9.999989e-01
1.700000e-02  9.999960e-01
2.000000e-02  9.999974e-01
2.400000e-02  9.999969e-01
3.000000e-02  9.999974e-01
3.600000e-02  9.999987e-01
4.200000e-02  9.999987e-01
5.000000e-02  9.999991e-01
6.000000e-02  9.999982e-01
7.000000e-02  9.999994e-01
8.000000e-02  9.999964e-01
9.000000e-02  9.999978e-01
1.000000e-01  9.999990e-01
1.200000e-01  9.999995e-01
1.600000e-01  9.999994e-01
1.900000e-01  9.999991e-01
2.460000e-01  9.999993e-01
3.000000e-01  9.999977e-01
3.670000e-01  9.999978e-01
4.060000e-01  9.999975e-01
4.500000e-01  9.999947e-01
5.000000e-01  9.999952e-01
5.620000e-01  9.999925e-01
6.060000e-01  9.999928e-01
7.000000e-01  9.999927e-01
8.000000e-01  9.999907e-01
9.000000e-01  9.999894e-01
1.000000e+00  9.999876e-01
