1.000000e-03  9.960294e-01
2.000000e-03  9.833735e-01
3.000000e-03  9.923937e-01
4.000000e-03  9.734306e-01
6.000000e-03  9.871042e-01
8.000000e-03  9.881696e-01
1.000000e-02  9.894898e-01
1.300000e-02  9.879300e-01
1.700000e-02  9.999525e-01
2.000000e-02  9.666642e-01
2.400000e-02  9.736527e-01
3.000000e-02  9.954223e-01
3.600000e-02  9.678887e-01
4.200000e-02  9.988702e-01
5.000000e-02  9.974879e-01
6.000000e-02  9.891043e-01
7.000000e-02  9.998821e-01
8.000000e-02  9.815462e-01
9.000000e-02  9.831739e-01
1.000000e-01  9.985033e-01
1.200000e-01  9.834967e-01
1.600000e-01  9.855177e-01
1.900000e-01  9.978937e-01
2.460000e-01  9.918037e-01
3.000000e-01  9.812789e-01
3.670000e-01  9.789319e-01
4.060000e-01  9.727640e-01
4.500000e-01  9.625566e-01
5.000000e-01  9.433888e-01
5.620000e-01  9.228750e-01
6.060000e-01  9.082531e-01
7.000000e-01  8.952425e-01
8.000000e-01  8.637128e-01
9.000000e-01  8.136228e-01
1.000000e+00  8.053149e-01
