1.000000e-03  3.753451e-01
2.000000e-03  8.226601e-01
3.000000e-03  6.439115e-02
4.000000e-03  4.192891e-01
6.000000e-03  6.975311e-02
8.000000e-03  3.235964e-01
1.000000e-02  1.004368e-01
1.300000e-02  2.106237e-01
1.700000e-02  1.861742e-01
2.000000e-02  2.865388e-01
2.400000e-02  5.477584e-01
3.000000e-02  6.738211e-02
3.600000e-02  5.234685e-01
4.200000e-02  1.162442e-01
5.000000e-02  1.898370e-01
6.000000e-02  9.259408e-02
7.000000e-02  6.259365e-01
8.000000e-02  1.085745e-01
9.000000e-02  4.576888e-01
1.000000e-01  1.967992e-01
1.200000e-01  7.714093e-01
1.600000e-01  4.542080e-01
1.900000e-01  7.976367e-02
2.460000e-01  7.350738e-02
3.000000e-01  1.839939e-01
3.670000e-01  3.943106e-01
4.060000e-01  3.585600e-01
4.500000e-01  2.076686e-01
5.000000e-01  1.985060e-01
5.620000e-01  2.320713e-01
6.060000e-01  6.403921e-02
7.000000e-01  7.000152e-02
8.000000e-01  1.128264e-01
9.000000e-01  7.124139e-02
1.000000e+00  7.743910e-02
