1.000000e-03  9.999975e-01
2.000000e-03  9.999903e-01
3.000000e-03  9.999833e-01
4.000000e-03  9.999706e-01
6.000000e-03  9.999341e-01
8.000000e-03  9.998817e-01
1.000000e-02  9.998162e-01
1.300000e-02  9.996891e-01
1.700000e-02  9.994687e-01
2.000000e-02  9.992642e-01
2.400000e-02  9.989314e-01
3.000000e-02  9.983393e-01
3.600000e-02  9.976101e-01
4.200000e-02  9.967315e-01
5.000000e-02  9.953870e-01
6.000000e-02  9.933486e-01
7.000000e-02  9.909360e-01
8.000000e-02  9.881932e-01
9.000000e-02  9.850453e-01
1.000000e-01  9.815140e-01
1.200000e-01  9.734352e-01
1.600000e-01  9.527430e-01
1.900000e-01  9.334488e-01
2.460000e-01  8.885875e-01
3.000000e-01  8.350581e-01
3.670000e-01  7.561359e-01
4.060000e-01  7.050569e-01
4.500000e-01  6.439269e-01
5.000000e-01  5.717118e-01
5.620000e-01  4.814358e-01
6.060000e-01  4.189860e-01
7.000000e-01  2.966573e-01
8.000000e-01  1.913767e-01
9.000000e-01  1.158915e-01
1.000000e+00  6.782268e-02
