1.000000e-03  5.376254e-01
2.000000e-03  4.570847e-01
3.000000e-03  2.768071e-01
4.000000e-03  1.360069e-01
6.000000e-03  2.815354e-01
8.000000e-03  2.325045e-01
1.000000e-02  1.029569e-01
1.300000e-02  6.036889e-01
1.700000e-02  9.699931e-02
2.000000e-02  1.246461e-01
2.400000e-02  7.586296e-02
3.000000e-02  3.791435e-01
3.600000e-02  3.018478e-01
4.200000e-02  2.388187e-01
5.000000e-02  1.046881e-01
6.000000e-02  2.226204e-01
7.000000e-02  6.647754e-01
8.000000e-02  1.919815e-01
9.000000e-02  5.089793e-01
1.000000e-01  4.936224e-01
1.200000e-01  1.868758e-01
1.600000e-01  1.968614e-01
1.900000e-01  6.849327e-02
2.460000e-01  1.106412e-01
3.000000e-01  2.610009e-01
3.670000e-01  7.004989e-02
4.060000e-01  2.780502e-01
4.500000e-01  7.912134e-02
5.000000e-01  6.100442e-01
5.620000e-01  2.788791e-01
6.060000e-01  4.095699e-01
7.000000e-01  7.725183e-01
8.000000e-01  5.495328e-01
9.000000e-01  6.141228e-01
1.000000e+00  1.268620e-01
