1.000000e-03  9.999985e-01
2.000000e-03  9.999986e-01
3.000000e-03  9.999991e-01
4.000000e-03  9.999994e-01
6.000000e-03  9.999984e-01
8.000000e-03  9.999988e-01
1.000000e-02  9.999989e-01
1.300000e-02  9.999987e-01
1.700000e-02  1.000000e+00
2.000000e-02  9.999996e-01
2.400000e-02  9.999986e-01
3.000000e-02  9.999986e-01
3.600000e-02  9.999997e-01
4.200000e-02  9.999984e-01
5.000000e-02  9.999998e-01
6.000000e-02  9.999993e-01
7.000000e-02  9.999995e-01
8.000000e-02  9.999990e-01
9.000000e-02  9.999990e-01
1.000000e-01  9.999998e-01
1.200000e-01  9.999997e-01
1.600000e-01  9.999987e-01
1.900000e-01  9.999991e-01
2.460000e-01  9.999989e-01
3.000000e-01  9.999983e-01
3.670000e-01  9.999976e-01
4.060000e-01  9.999973e-01
4.500000e-01  9.999958e-01
5.000000e-01  9.999956e-01
5.620000e-01  9.999947e-01
6.060000e-01  9.999940e-01
7.000000e-01  9.999913e-01
8.000000e-01  9.999862e-01
9.000000e-01  9.999871e-01
1.000000e+00  9.999818e-01
