1.000000e-03  9.916484e-01
2.000000e-03  9.812126e-01
3.000000e-03  9.976867e-01
4.000000e-03  9.967018e-01
6.000000e-03  9.792039e-01
8.000000e-03  9.840879e-01
1.000000e-02  9.992725e-01
1.300000e-02  9.988724e-01
1.700000e-02  9.777420e-01
2.000000e-02  9.860931e-01
2.400000e-02  9.930539e-01
3.000000e-02  9.983668e-01
3.600000e-02  9.809507e-01
4.200000e-02  9.882406e-01
5.000000e-02  9.967265e-01
6.000000e-02  9.896558e-01
7.000000e-02  9.874507e-01
8.000000e-02  9.826321e-01
9.000000e-02  9.808183e-01
1.000000e-01  9.985934e-01
1.200000e-01  9.831595e-01
1.600000e-01  9.963637e-01
1.900000e-01  9.884680e-01
2.460000e-01  9.918733e-01
3.000000e-01  9.839790e-01
3.670000e-01  9.818114e-01
4.060000e-01  9.775248e-01
4.500000e-01  9.723503e-01
5.000000e-01  9.616472e-01
5.620000e-01  9.504145e-01
6.060000e-01  9.418054e-01
7.000000e-01  8.983050e-01
8.000000e-01  8.751417e-01
9.000000e-01  8.512675e-01
1.000000e+00  8.037949e-01
